8356 70
8356 71
8356 72
8357 0
8358 0
8358 1
8358 2
8359 0
8359 1
8359 2
8359 3
8359 4
8359 5
8359 6
8360 0
8360 1
8360 2
8360 3
8360 4
8360 5
8360 6
8360 7
8360 8
8360 9
8360 10
8360 11
8360 12
8360 13
8360 14
8360 15
8360 16
8360 17
8360 18
8360 19
8360 20
8360 21
8360 22
8360 23
8360 24
8360 25
8360 26
8360 27
8360 28
8360 29
8360 30
8360 31
8389 16
8389 17
8389 18
8389 19
8389 20
8389 34
8389 35
8389 36
8389 37
8389 38
8389 39
8389 40
8389 41
8389 42
8389 43
8389 44
8389 45
8389 46
8389 47
8389 48
8389 49
8389 52
8389 53
8389 54
8389 55
8389 56
8389 57
8389 58
8389 59
8389 60
8389 61
8389 62
8393 28
8393 29
8393 30
8393 31
8393 32
8393 33
8393 34
8393 35
8393 36
8393 37
8393 38
8393 39
8393 40
8393 41
8393 42
8393 43
8393 51
8393 52
8393 53
8393 54
8394 0
8394 1
8394 2
8394 3
8394 4
8394 5
8394 6
8394 7
8394 8
8394 9
8394 10
8394 11
8394 12
8394 13
8394 14
8394 15
8394 16
8394 17
8394 18
8394 19
8394 20
8394 21
8394 22
8394 23
8394 24
8394 25
8394 26
8394 27
8394 28
8394 29
8394 30
8394 31
8394 32
8394 33
8394 34
8394 35
8394 36
8394 37
8394 38
8395 0
8395 1
8395 2
8395 3
8395 4
8395 5
8395 6
8395 7
8395 8
8395 9
8395 10
8395 11
8395 12
8395 13
8395 14
8395 15
8395 16
8395 17
8395 18
8395 19
8395 20
8395 21
8395 22
8395 23
8395 24
8395 25
8395 26
8395 27
8395 28
8395 29
8395 30
8395 31
8395 32
8395 33
8395 34
8395 35
8395 36
8395 37
8395 38
8395 39
8395 82
8395 83
8395 84
8395 85
8395 86
8395 87
8395 88
8395 89
8395 90
8395 91
8395 92
8395 93
8395 94
8395 95
8395 96
8395 97
8395 98
8395 99
8395 100
8395 101
8395 102
8395 103
8395 104
8395 105
8395 106
8395 107
8395 108
8395 109
8395 110
8395 111
8395 112
8395 113
8395 114
8395 115
8395 116
8395 117
8395 118
8395 119
8395 120
8395 121
8395 122
8395 123
8395 124
8395 125
8395 126
8395 127
8395 128
8395 129
8395 130
8395 131
8395 132
8395 133
8395 134
8395 135
8395 136
8395 137
8395 138
8395 139
8395 140
8395 141
8396 1
8396 2
8396 3
8396 4
8396 5
8396 6
8396 7
8396 8
8396 9
8396 10
8396 11
8396 12
8396 13
8396 14
8396 15
8396 16
8396 17
8396 18
8396 19
8396 20
8396 21
8396 22
8396 23
8396 24
8396 25
8396 26
8396 27
8396 28
8396 29
8396 30
8396 31
8396 32
8396 33
8396 34
8396 35
8396 36
8396 37
8396 38
8396 39
8396 40
8396 41
8396 42
8396 43
8396 44
8396 45
8396 46
8396 47
8396 48
8396 49
8396 50
8396 51
8396 52
8396 53
8396 54
8396 55
8396 56
8396 57
8396 58
8396 59
8396 60
8396 61
8396 62
8396 63
8396 64
8396 65
8396 66
8396 67
8396 68
8396 69
8396 70
8396 71
8396 72
8396 73
8396 74
8396 86
8396 87
8396 88
8396 89
8396 90
8396 91
8396 92
8396 93
8396 94
8396 95
8396 96
8396 97
8396 98
8396 99
8396 100
8396 101
8396 102
8396 103
8396 104
8396 105
8396 107
8396 108
8396 109
8396 110
8396 111
8396 112
8396 113
8396 114
8396 115
8396 116
8396 117
8396 118
8396 119
8396 120
8396 121
8396 122
8396 123
8396 124
8396 125
8396 126
8396 127
8396 128
8396 129
8396 130
8396 131
8396 132
8396 133
8396 134
8396 135
8396 136
8396 137
8396 138
8396 139
8396 140
8396 141
8396 142
8396 143
8396 144
8396 145
8396 146
8396 147
8396 148
8396 149
8396 150
8396 151
8396 152
8396 153
8396 154
8396 155
8396 156
8396 157
8396 158
8396 159
8396 160
8396 161
8396 162
8396 163
8396 164
8396 165
8396 166
8396 167
8396 168
8396 169
8396 170
8396 171
8396 172
8396 173
8396 174
8396 175
8396 176
8396 177
8396 178
8396 179
8396 180
8396 181
8396 182
8396 183
8396 184
8396 185
8396 186
8396 187
8396 188
8396 189
8396 190
8396 191
8396 192
8396 193
8396 194
8402 26
8402 27
8402 28
8402 29
8402 30
8402 31
8402 32
8402 33
8402 34
8402 35
8402 36
8402 37
8402 38
8402 39
8402 40
8402 41
8402 42
8402 43
8402 44
8402 45
8402 46
8402 47
8402 48
8402 49
8402 50
8402 51
8402 52
8402 53
8402 54
8402 55
8402 56
8403 0
8403 1
8403 2
8403 3
8403 4
8403 5
8403 6
8403 7
8403 8
8403 9
8403 10
8403 11
8403 12
8403 13
8403 14
8403 15
8403 16
8403 17
8403 18
8403 19
8403 20
8403 21
8403 22
8403 23
8403 24
8403 25
8403 26
8403 27
8403 28
8403 29
8403 30
8403 31
8403 32
8403 33
8403 34
8403 35
8403 36
8403 37
8403 38
8403 39
8403 40
8403 41
8403 42
8403 43
8403 44
8403 45
8403 46
8403 47
8403 48
8403 49
8403 50
8403 51
8403 52
8403 53
8403 54
8403 55
8403 56
8403 57
8403 58
8403 59
8403 60
8403 61
8403 62
8403 63
8403 64
8403 65
8403 66
8403 67
8403 68
8403 69
8403 70
8403 71
8403 72
8403 73
8403 74
8403 75
8403 76
8403 77
8403 78
8403 79
8403 80
8403 81
8403 82
8403 83
8403 84
8403 85
8403 86
8403 87
8403 88
8403 89
8403 90
8403 91
8403 92
8403 93
8403 94
8403 95
8403 96
8403 97
8403 98
8403 99
8403 100
8403 101
8403 102
8403 103
8403 104
8403 105
8403 106
8403 107
8403 108
8403 109
8403 110
8403 111
8403 112
8403 113
8403 114
8403 115
8404 0
8404 1
8405 29
8405 30
8405 31
8405 32
8405 33
8405 34
8405 35
8406 0
8406 1
8406 2
8406 3
8406 4
8406 5
8406 6
8406 7
8406 8
8406 9
8406 10
8406 11
8406 12
8406 13
8406 14
8406 15
8406 16
8406 17
8406 18
8406 19
8406 20
8406 21
8406 22
8406 23
8406 24
8406 25
8406 26
8406 27
8406 28
8406 29
8406 30
8406 31
8406 32
8406 33
8407 0
8407 1
8414 26
8414 27
8414 28
8414 29
8414 30
8414 31
8414 32
8414 33
8414 34
8414 35
8414 36
8414 37
8414 38
8414 39
8414 40
8414 41
8414 42
8414 43
8414 44
8414 45
8414 46
8414 47
8414 48
8414 49
8414 50
8414 51
8414 52
8415 0
8415 1
8415 2
8415 3
8415 4
8415 5
8415 6
8415 7
8415 8
8415 9
8415 10
8415 11
8415 12
8415 13
8415 14
8415 15
8415 16
8415 17
8415 18
8415 19
8415 20
8415 21
8415 22
8415 23
8415 24
8415 25
8415 26
8415 27
8415 28
8415 29
8415 30
8418 0
8418 1
8418 2
8418 3
8418 4
8418 5
8418 6
8418 7
8418 8
8418 9
8418 10
8418 11
8418 12
8418 13
8418 14
8418 15
8418 16
8418 17
8418 18
8418 19
8418 20
8418 21
8418 22
8418 23
8418 24
8418 25
8418 26
8418 27
8418 28
8418 29
8418 30
8418 31
8418 32
8418 33
8418 34
8418 35
8418 36
8418 37
8418 38
8418 39
8418 40
8418 41
8418 42
8418 43
8418 44
8418 45
8418 46
8418 47
8418 48
8418 49
8418 50
8418 51
8418 52
8418 53
8418 54
8418 55
8418 56
8418 57
8418 58
8418 59
8418 60
8418 61
8418 62
8418 63
8418 64
8418 65
8418 66
8418 67
8419 0
8419 1
8419 2
8419 3
8419 4
8419 5
8419 6
8419 7
8419 8
8419 9
8419 10
8419 11
8419 12
8419 13
8419 14
8419 15
8419 16
8419 17
8419 18
8419 19
8419 20
8419 21
8419 22
8419 23
8419 24
8419 25
8420 0
8420 1
8420 2
8420 3
8420 4
8420 5
8420 6
8420 7
8420 8
8420 9
8420 10
8420 11
8420 12
8420 13
8420 14
8420 15
8420 16
8420 17
8420 18
8420 19
8420 20
8420 21
8420 22
8420 23
8420 24
8420 25
8420 26
8420 27
8420 28
8420 29
8420 30
8420 31
8420 32
8420 33
8420 34
8420 35
8420 36
8420 37
8420 38
8420 39
8420 40
8421 0
8421 1
8421 2
8421 3
8421 4
8421 5
8421 6
8421 7
8421 8
8421 9
8421 10
8421 11
8421 12
8421 13
8421 14
8421 15
8421 16
8421 17
8421 18
8421 19
8421 20
8421 21
8421 22
8421 23
8421 24
8421 25
8421 26
8421 27
8421 28
8421 29
8421 30
8421 31
8421 32
8421 33
8421 34
8421 35
8421 36
8421 37
8421 38
8421 39
8421 40
8421 41
8421 42
8421 43
8421 44
8421 45
8421 46
8421 47
8421 48
8421 49
8421 50
8421 51
8421 52
8421 53
8421 54
8421 55
8421 56
8421 57
8421 58
8421 59
8421 60
8421 61
8421 62
8421 63
8421 64
8421 65
8422 0
8422 1
8422 2
8422 3
8422 4
8422 5
8422 6
8422 7
8422 8
8422 9
8422 10
8422 11
8422 12
8422 13
8422 14
8422 15
8422 16
8422 17
8422 18
8422 19
8423 0
8423 1
8423 2
8423 3
8423 4
8423 5
8423 6
8423 7
8423 8
8423 9
8423 10
8423 11
8423 12
8423 13
8423 14
8423 15
8423 16
8423 17
8423 18
8423 19
8423 20
8423 21
8423 22
8423 23
8423 24
8423 25
8423 26
8423 27
8423 28
8423 29
8423 30
8423 31
8423 32
8423 33
8423 34
8423 35
8423 36
8423 37
8423 38
8423 39
8423 40
8423 41
8423 42
8423 43
8423 44
8423 45
8423 46
8423 47
8423 48
8423 49
8423 50
8423 51
8423 52
8423 53
8423 54
8423 55
8423 56
8423 57
8423 58
8423 59
8423 60
8423 61
8423 62
8423 63
8423 64
8423 65
8423 66
8423 67
8423 68
8423 69
8423 70
8423 71
8423 72
8423 73
8423 74
8423 75
8423 76
8423 77
8423 78
8423 79
8423 80
8423 81
8423 82
8423 83
8423 84
8423 85
8423 86
8423 87
8424 0
8424 1
8424 2
8424 3
8424 4
8424 5
8424 6
8424 7
8424 8
8424 9
8424 10
8424 11
8424 12
8424 13
8424 14
8424 15
8424 16
8424 17
8424 18
8424 19
8424 20
8424 21
8424 22
8424 23
8424 24
8424 25
8424 26
8424 27
8424 28
8424 29
8424 30
8424 31
8425 0
8425 1
8425 2
8425 3
8425 4
8425 5
8425 6
8425 7
8425 8
8425 9
8425 10
8425 11
8425 12
8425 13
8425 14
8425 15
8425 16
8425 17
8425 18
8425 19
8425 20
8425 21
8425 22
8425 23
8425 24
8425 25
8425 26
8425 27
8425 28
8425 29
8425 30
8425 31
8425 32
8425 33
8425 34
8425 35
8425 36
8425 37
8425 38
8425 39
8425 40
8425 41
8425 42
8425 43
8425 44
8425 45
8425 46
8425 47
8425 48
8425 49
8425 50
8425 51
8425 52
8425 53
8425 54
8426 0
8426 1
8426 2
8426 3
8426 4
8426 5
8426 6
8426 7
8426 8
8426 9
8426 10
8426 11
8426 12
8426 13
8426 14
8426 15
8426 16
8426 17
8426 18
8426 19
8427 0
8427 1
8427 2
8427 3
8427 4
8427 5
8427 6
8427 7
8427 8
8427 9
8427 10
8427 11
8427 12
8427 13
8427 14
8428 0
8428 1
8428 2
8428 3
8428 4
8428 5
8428 6
8428 7
8428 8
8428 9
8428 10
8428 11
8428 12
8428 13
8428 14
8428 15
8428 16
8428 17
8428 18
8428 19
8428 20
8428 21
8428 22
8428 23
8428 24
8428 25
8428 26
8428 27
8428 28
8428 29
8428 30
8428 31
8428 32
8428 33
8428 34
8428 35
8428 36
8428 37
8428 38
8429 0
8429 1
8429 2
8429 3
8429 4
8429 5
8429 6
8429 7
8429 8
8429 9
8429 10
8429 11
8429 12
8429 13
8429 14
8429 15
8429 16
8429 17
8429 18
8429 19
8430 0
8431 0
8431 1
8431 2
8431 3
8431 4
8431 5
8431 6
8431 7
8431 8
8431 9
8431 10
8431 11
8431 12
8431 13
8431 14
8431 15
8431 16
8431 17
8431 18
8431 19
8431 20
8431 21
8431 22
8431 23
8431 24
8431 25
8431 26
8431 27
8431 28
8431 29
8431 30
8431 31
8431 32
8431 33
8431 34
8431 35
8431 36
8431 37
8431 38
8431 39
8431 40
8431 41
8431 42
8431 43
8431 44
8431 45
8431 46
8431 47
8431 48
8431 49
8431 50
8431 51
8431 52
8431 53
8431 54
8431 55
8431 56
8431 57
8431 58
8431 59
8431 60
8431 61
8431 62
8431 63
8431 64
8431 65
8431 66
8431 67
8431 68
8431 69
8431 70
8431 71
8431 72
8431 73
8431 74
8431 75
8431 76
8431 77
8431 78
8431 79
8431 80
8431 81
8431 82
8431 83
8431 84
8431 85
8433 0
8433 1
8433 2
8433 3
8433 4
8433 5
8433 6
8433 7
8433 8
8433 9
8433 10
8433 11
8433 12
8433 13
8433 14
8433 15
8433 16
8433 17
8433 18
8433 19
8433 20
8433 21
8433 22
8434 0
8435 0
8436 0
8437 0
8438 0
8439 0
8439 1
8439 2
8440 0
8440 1
8440 2
8440 3
8440 4
8440 5
8440 6
8440 7
8440 8
8440 9
8440 10
8440 11
8440 12
8440 13
8440 14
8440 15
8440 16
8440 17
8440 18
8440 19
8550 3
8550 4
8550 5
8550 6
8550 7
8550 8
8550 9
8550 10
8550 11
8550 12
8550 13
8550 14
8550 15
8550 16
8550 17
8550 18
8550 19
8550 20
8550 21
8550 22
8550 23
8550 24
8550 25
8550 26
8550 27
8550 28
8550 29
8550 30
8550 31
8550 32
8550 33
8550 34
8550 35
8550 36
8550 37
8550 38
8550 39
8551 0
8551 1
8551 2
8551 3
8551 4
8551 5
8551 6
8551 7
8551 8
8551 9
8551 10
8551 11
8551 12
8551 13
8551 14
8551 15
8552 0
8552 1
8552 2
8552 3
8552 4
8552 5
8552 6
8552 7
8552 8
8552 9
8552 10
8552 11
8552 12
8552 13
8552 14
8552 15
8552 16
8552 17
8552 18
8552 19
8552 20
8552 21
8552 22
8552 23
8552 24
8552 25
8552 26
8552 27
8552 28
8552 29
8552 30
8552 31
8552 32
8552 33
8552 34
8552 35
8552 36
8552 37
8552 38
8552 39
8552 40
8552 41
8552 42
8552 43
8552 44
8552 45
8552 46
8552 47
8552 48
8552 49
8552 50
8552 51
8552 52
8552 53
8552 54
8552 55
8552 56
8552 57
8552 58
8552 59
8552 60
8552 61
8552 62
8552 63
8552 64
8552 65
8552 66
8552 67
8552 68
8552 69
8552 70
8552 71
8552 72
8552 73
8552 74
8552 75
8552 76
8552 77
8552 78
8552 79
8552 80
8552 81
8552 82
8552 83
8552 84
8552 85
8552 86
8552 87
8552 88
8552 89
8552 90
8552 91
8552 92
8552 93
8552 94
8552 95
8552 96
8552 97
8552 98
8552 99
8552 100
8552 101
8552 102
8552 103
8552 104
8562 5
8562 6
8562 7
8562 8
8562 9
8562 10
8562 11
8562 12
8562 13
8562 14
8562 15
8562 16
8562 17
8562 18
8562 19
8562 20
8562 21
8563 0
8563 1
8563 2
8563 3
8563 4
8563 5
8563 6
8563 7
8563 8
8563 9
8563 10
8563 11
8563 12
8563 13
8563 14
8563 15
8563 16
8563 17
8563 18
8563 19
8563 20
8563 21
8563 22
8563 23
8563 24
8563 25
8563 26
8563 27
8563 28
8563 29
8563 30
8563 31
8563 32
8563 33
8563 34
8563 35
8563 36
8563 37
8563 38
8563 43
8563 44
8563 45
8563 46
8563 47
8563 48
8563 49
8563 50
8563 51
8563 52
8564 0
8564 1
8564 2
8564 3
8564 4
8564 5
8564 6
8564 7
8564 8
8564 9
8564 10
8564 11
8564 12
8564 13
8564 14
8564 15
8564 16
8564 17
8564 18
8564 19
8565 0
8565 1
8565 2
8565 3
8565 4
8565 5
8566 0
8566 1
8566 2
8566 3
8566 4
8566 5
8566 6
8566 7
8566 8
8566 9
8566 10
8566 11
8566 12
8566 13
8566 14
8566 15
8566 16
8566 17
8566 18
8566 19
8566 20
8566 21
8566 22
8566 23
8566 24
8566 25
8566 26
8566 27
8566 28
8566 29
8566 30
8566 31
8566 32
8566 33
8566 34
8566 35
8566 36
8566 37
8566 38
8566 39
8566 40
8566 41
8566 42
8566 43
8566 44
8566 45
8566 46
8566 47
8566 48
8566 49
8566 50
8566 51
8566 52
8566 53
8566 54
8566 55
8566 56
8566 57
8566 58
8566 59
8566 60
8566 61
8566 62
8566 63
8566 64
8566 65
8566 66
8566 67
8566 68
8566 69
8566 70
8566 71
8566 72
8566 73
8566 74
8566 75
8566 76
8566 77
8566 78
8566 79
8566 80
8569 1
8569 2
8569 3
8569 4
8569 5
8569 6
8569 7
8569 8
8569 9
8569 10
8569 11
8569 12
8569 13
8569 14
8569 15
8569 16
8569 17
8569 18
8569 19
8569 20
8569 21
8569 22
8569 23
8569 24
8569 25
8569 26
8569 27
8569 28
8569 29
8569 30
8569 31
8569 32
8569 33
8569 34
8569 35
8569 36
8569 37
8569 38
8569 39
8569 40
8569 41
8569 42
8569 43
8569 44
8569 45
8569 46
8569 47
8569 48
8569 49
8569 50
8569 51
8569 52
8569 53
8569 54
8569 55
8569 56
8569 57
8569 58
8569 59
8569 60
8569 61
8569 62
8569 63
8569 64
8569 65
8569 66
8569 67
8569 68
8569 69
8569 70
8569 71
8569 72
8569 73
8569 74
8569 75
8569 76
8569 77
8569 78
8569 79
8569 80
8569 81
8569 82
8569 83
8569 84
8570 0
8570 1
8570 2
8570 3
8570 4
8570 5
8570 6
8570 7
8570 15
8570 16
8570 17
8570 18
8570 19
8570 20
8570 21
8570 22
8570 23
8570 24
8570 25
8570 26
8570 27
8570 28
8570 29
8570 30
8570 31
8570 32
8570 33
8570 34
8570 35
8570 36
8570 37
8570 44
8570 45
8570 46
8570 47
8570 48
8570 49
8570 50
8570 51
8570 52
8570 53
8570 54
8570 55
8570 56
8570 57
8570 58
8570 59
8570 60
8570 61
8570 62
8570 63
8570 64
8570 65
8570 66
8570 67
8570 68
8570 69
8570 70
8570 71
8570 72
8570 73
8570 74
8570 77
8570 78
8570 79
8570 80
8570 81
8570 82
8570 83
8570 84
8570 85
8570 86
8570 87
8570 88
8570 89
8570 90
8570 91
8570 92
8570 93
8570 94
8570 95
8570 96
8570 97
8570 98
8570 99
8570 100
8570 101
8570 102
8570 103
8570 104
8570 105
8570 106
8570 107
8570 108
8570 109
8570 110
8570 111
8570 112
8570 113
8570 114
8570 115
8570 116
8570 117
8570 118
8571 0
8571 1
8571 2
8571 3
8571 4
8571 5
8571 6
8571 7
8571 8
8571 9
8571 10
8571 11
8571 12
8571 13
8571 14
8571 15
8571 16
8571 17
8571 18
8571 19
8571 20
8571 21
8571 22
8571 23
8571 24
8571 25
8571 26
8571 27
8571 28
8571 29
8571 30
8571 31
8571 32
8571 33
8571 34
8571 35
8571 36
8571 37
8571 38
8571 39
8571 40
8571 41
8571 42
8571 43
8571 44
8571 45
8571 46
8571 47
8571 48
8571 49
8571 50
8571 51
8571 52
8571 53
8571 54
8571 55
8571 56
8571 57
8571 58
8571 59
8571 60
8571 61
8571 62
8571 63
8571 64
8571 65
8571 66
8571 67
8571 68
8571 69
8571 70
8571 71
8571 72
8571 73
8571 74
8571 75
8571 76
8571 77
8571 78
8571 79
8571 80
8571 81
8571 82
8571 83
8571 84
8571 85
8571 86
8571 87
8571 88
8571 89
8571 90
8571 91
8571 92
8571 93
8571 94
8571 95
8571 96
8571 97
8571 98
8571 99
8571 100
8571 101
8571 102
8571 103
8571 104
8571 105
8571 106
8571 107
8571 108
8571 109
8571 110
8571 111
8571 112
8571 113
8585 12
8585 13
8585 14
8585 15
8585 16
8585 17
8585 18
8585 19
8585 20
8585 21
8585 22
8585 23
8585 24
8585 25
8585 26
8585 27
8585 28
8585 29
8585 30
8585 31
8585 32
8585 33
8585 34
8585 35
8585 36
8585 37
8585 38
8585 39
8585 40
8585 41
8585 42
8585 43
8585 44
8585 45
8585 46
8585 47
8585 48
8585 49
8585 50
8585 51
8585 52
8585 53
8585 54
8585 55
8585 56
8585 57
8585 58
8585 59
8585 60
8585 61
8585 62
8585 63
8585 64
8585 65
8585 83
8585 84
8585 85
8585 86
8585 87
8585 88
8585 89
8585 90
8585 91
8585 92
8585 93
8585 94
8585 95
8585 96
8585 97
8585 98
8585 99
8585 100
8585 101
8585 102
8585 103
8585 104
8585 105
8585 106
8585 107
8585 108
8585 109
8585 110
8585 111
8585 112
8585 113
8585 114
8585 115
8585 116
8585 117
8585 118
8585 119
8585 120
8585 121
8585 122
8585 123
8585 124
8585 125
8585 126
8585 127
8585 128
8585 129
8585 130
8585 131
8585 132
8585 133
8585 134
8585 135
8585 136
8585 137
8585 138
8585 139
8585 140
8585 141
8585 142
8585 143
8585 144
8585 145
8585 146
8585 147
8585 148
8585 149
8585 150
8585 151
8585 152
8585 153
8585 154
8585 155
8585 156
8585 157
8585 158
8585 159
8585 160
8585 161
8585 162
8585 163
8585 164
8585 165
8585 166
8585 167
8585 168
8585 169
8585 170
8585 171
8585 172
8585 173
8585 174
8585 175
8585 176
8585 177
8585 178
8585 179
8585 180
8585 181
8585 182
8585 183
8585 184
8585 185
8586 0
8586 1
8586 2
8586 3
8586 4
8586 5
8586 6
8586 7
8586 8
8586 9
8586 10
8586 11
8586 12
8586 13
8587 0
8587 1
8587 2
8587 3
8587 4
8587 5
8587 6
8587 7
8587 8
8587 9
8587 10
8587 11
8587 12
8587 13
8587 14
8587 15
8587 16
8587 17
8587 18
8587 19
8587 20
8587 21
8587 22
8587 23
8587 24
8587 25
8587 26
8587 27
8587 28
8587 29
8587 30
8587 31
8587 32
8587 33
8587 34
8587 35
8587 36
8587 37
8587 38
8587 39
8587 40
8587 41
8587 42
8587 43
8587 44
8587 45
8587 46
8587 47
8587 48
8587 49
8587 50
8587 51
8587 52
8587 53
8587 54
8587 55
8587 56
8587 57
8587 58
8587 59
8587 60
8587 61
8587 62
8587 63
8587 64
8587 65
8587 66
8587 67
8587 68
8587 69
8587 70
8587 71
8587 72
8587 73
8589 4
8589 5
8589 6
8589 7
8589 8
8589 9
8589 10
8589 11
8589 12
8589 13
8589 14
8589 15
8589 16
8589 17
8589 24
8589 25
8589 26
8589 27
8589 28
8589 29
8589 30
8589 31
8589 32
8589 33
8589 34
8589 35
8589 36
8589 37
8589 38
8589 39
8589 40
8589 41
8589 42
8589 43
8589 44
8589 45
8590 0
8590 1
8590 2
8590 3
8590 4
8590 5
8590 6
8590 7
8590 8
8590 9
8590 10
8590 11
8590 12
8590 13
8590 14
8590 15
8590 16
8590 17
8590 18
8590 19
8590 20
8591 0
8591 1
8591 2
8591 3
8591 4
8591 5
8591 6
8591 7
8591 8
8591 9
8591 10
8591 11
8591 12
8591 13
8591 14
8591 15
8591 16
8591 17
8591 18
8610 4
8610 5
8610 6
8610 7
8610 8
8610 9
8610 10
8610 11
8610 12
8610 13
8610 14
8610 15
8610 16
8610 17
8610 18
8610 19
8610 20
8610 21
8610 22
8610 23
8610 24
8610 25
8610 26
8610 27
8610 28
8610 29
8610 30
8610 31
8610 32
8610 33
8610 34
8610 35
8610 36
8610 37
8610 38
8610 39
8610 40
8610 41
8610 42
8610 43
8610 44
8610 45
8610 46
8610 47
8610 48
8610 49
8610 50
8610 51
8610 52
8610 53
8610 54
8610 55
8610 56
8610 57
8610 58
8610 59
8610 60
8610 61
8610 62
8610 63
8610 64
8610 65
8610 66
8610 67
8610 68
8610 69
8610 70
8610 71
8610 72
8610 73
8610 74
8610 75
8610 76
8610 77
8610 78
8610 79
8610 80
8610 81
8611 0
8611 1
8611 2
8611 3
8611 4
8611 5
8611 6
8612 0
8612 1
8612 2
8612 3
8612 4
8612 5
8612 6
8613 0
8613 1
8613 2
8613 3
8613 4
8613 5
8613 6
8613 7
8613 8
8613 9
8613 10
8613 11
8613 12
8613 13
8613 14
8613 15
8613 16
8613 17
8613 18
8613 19
8613 20
8613 39
8613 40
8613 41
8613 42
8613 43
8613 44
8613 45
8613 46
8613 47
8613 48
8613 49
8613 50
8613 51
8613 52
8614 0
8614 1
8614 2
8614 3
8614 4
8614 5
8615 0
8615 1
8615 2
8615 3
8615 4
8615 5
8615 6
8615 7
8615 8
8615 9
8615 10
8616 0
8616 1
8616 2
8616 3
8616 4
8616 5
8616 6
8616 7
8616 8
8616 9
8616 10
8616 11
8616 12
8616 13
8616 14
8616 15
8616 16
8616 17
8616 18
8616 19
8616 20
8616 21
8616 22
8616 23
8616 24
8616 25
8617 0
8617 1
8617 2
8617 3
8617 4
8617 5
8617 6
8617 7
8618 0
8619 0
8619 1
8619 2
8619 3
8619 4
8619 5
8619 6
8619 7
8619 8
8619 9
8619 10
8619 11
8619 12
8619 13
8619 14
8619 15
8619 16
8619 17
8619 18
8619 19
8619 20
8619 21
8619 22
8619 23
8619 24
8619 25
8619 26
8619 27
8619 28
8619 29
8619 30
8619 31
8619 32
8619 33
8619 34
8619 35
8619 36
8619 37
8619 38
8619 39
8619 40
8620 0
8620 1
8621 0
8624 0
8625 0
8627 0
8628 0
8628 1
8628 2
8629 0
8629 1
8629 2
8629 3
8629 4
8629 5
8629 6
8629 7
8629 8
8629 9
8629 11
8629 12
8629 13
8629 14
8629 15
8629 16
8629 17
8629 18
8630 0
8630 1
8630 2
8630 3
8630 4
8630 5
8630 6
8630 7
8630 8
8630 9
8630 10
8630 11
8630 12
8630 13
8630 14
8630 15
8630 16
8630 17
8630 18
8630 19
8630 20
8630 21
8630 22
8630 23
8630 24
8630 25
8630 26
8630 27
8630 28
8630 29
8630 30
8630 31
8630 32
8630 33
8630 34
8630 35
8630 36
8630 37
8630 38
8630 39
8630 40
8630 41
8630 42
8630 43
8630 44
8630 45
8630 46
8630 47
8630 48
8630 49
8630 50
8630 51
8630 52
8630 53
8630 54
8630 55
8630 56
8630 57
8630 58
8630 59
8630 60
8630 61
8630 62
8630 63
8630 64
8630 65
8630 66
8630 67
8630 68
8630 69
8630 70
8630 71
8630 72
8630 73
8630 74
8630 75
8630 76
8630 77
8630 78
8630 79
8630 80
8630 81
8630 82
8630 83
8630 84
8630 85
8630 86
8630 87
8630 88
8630 89
8634 11
8634 12
8634 13
8634 14
8634 15
8634 16
8634 17
8634 18
8634 19
8634 20
8634 21
8634 22
8634 23
8634 24
8634 25
8634 26
8634 27
8634 28
8634 29
8634 30
8634 31
8634 32
8634 33
8634 34
8634 35
8634 36
8634 37
8634 38
8634 39
8634 40
8634 41
8636 0
8636 1
8636 2
8636 3
8636 4
8636 5
8636 6
8636 7
8636 8
8636 9
8636 10
8636 11
8636 12
8636 13
8636 14
8636 15
8637 0
8637 1
8637 2
8637 3
8637 4
8637 5
8637 6
8637 7
8637 8
8637 9
8637 10
8637 11
8637 12
8637 13
8637 14
8637 15
8637 16
8637 17
8637 18
8637 19
8637 20
8637 21
8637 22
8637 23
8637 24
8637 25
8637 26
8637 27
8637 28
8637 29
8637 30
8637 31
8637 32
8637 33
8637 34
8637 35
8637 36
8637 37
8637 38
8637 39
8637 40
8637 41
8637 42
8637 43
8637 44
8637 45
8637 46
8637 47
8637 48
8637 49
8637 50
8637 51
8637 52
8637 53
8637 54
8637 55
8637 56
8637 57
8637 58
8637 59
8637 60
8637 61
8637 62
8637 63
8637 64
8637 65
8637 66
8637 67
8637 68
8637 69
8637 70
8637 71
8637 72
8637 73
8637 74
8637 75
8637 76
8637 77
8637 78
8637 79
8637 80
8637 81
8637 82
8637 83
8637 84
8637 85
8637 86
8637 87
8637 88
8637 89
8637 90
8637 91
8637 92
8637 93
8637 94
8637 95
8637 96
8637 97
8637 98
8637 99
8637 100
8637 101
8637 102
8637 103
8637 104
8637 105
8637 106
8637 107
8637 108
8637 109
8637 110
8637 111
8637 112
8637 113
8637 114
8637 115
8637 116
8637 117
8637 118
8637 119
8637 120
8637 121
8637 122
8637 123
8637 124
8637 125
8637 126
8637 127
8637 128
8637 129
8637 130
8637 131
8637 172
8637 173
8637 174
8637 175
8637 176
8637 177
8637 178
8637 179
8637 180
8637 181
8637 182
8637 183
8637 184
8637 185
8637 186
8637 187
8637 188
8637 189
8637 190
8637 191
8637 192
8637 193
8637 194
8637 195
8637 196
8637 197
8637 198
8637 199
8637 200
8637 201
8637 202
8637 203
8637 204
8637 205
8637 206
8637 207
8637 208
8642 25
8642 26
8642 27
8642 28
8642 29
8642 30
8642 31
8642 32
8642 33
8642 34
8642 35
8642 36
8642 37
8642 38
8642 39
8642 40
8642 41
8642 42
8642 43
8642 44
8642 45
8642 46
8642 47
8642 48
8642 49
8642 50
8642 51
8642 52
8642 53
8642 54
8642 55
8642 56
8642 57
8642 58
8643 0
8643 1
8643 2
8643 3
8643 4
8643 5
8643 6
8643 7
8643 8
8643 9
8643 10
8643 11
8643 12
8643 13
8643 14
8643 15
8643 16
8643 17
8643 18
8643 19
8643 20
8643 21
8643 22
8643 23
8643 24
8643 25
8643 26
8643 27
8643 28
8643 29
8643 30
8643 31
8643 32
8643 33
8643 34
8643 35
8643 36
8643 37
8643 38
8643 39
8643 40
8643 41
8643 42
8643 43
8643 44
8643 45
8643 46
8643 47
8643 48
8644 0
8644 1
8644 2
8644 3
8644 4
8644 5
8644 6
8644 7
8665 3
8665 4
8666 0
8666 1
8666 2
8666 3
8666 4
8666 5
8666 6
8666 7
8666 8
8666 9
8666 10
8666 11
8666 12
8666 13
8666 14
8666 15
8666 16
8666 17
8666 18
8666 19
8666 20
8666 21
8666 22
8666 23
8666 24
8666 25
8666 26
8666 27
8666 28
8666 29
8666 30
8666 31
8666 32
8666 33
8666 34
8666 35
8666 36
8666 37
8666 38
8666 39
8666 40
8666 41
8666 42
8666 43
8666 44
8666 45
8666 46
8666 47
8666 48
8666 49
8666 50
8666 51
8666 52
8666 53
8666 54
8666 55
8666 56
8666 57
8666 58
8666 59
8666 60
8666 61
8666 62
8666 63
8666 64
8666 65
8666 66
8666 67
8666 68
8666 69
8666 70
8666 71
8666 72
8666 73
8666 74
8666 75
8666 76
8666 77
8666 78
8666 79
8666 80
8666 81
8666 82
8666 83
8666 90
8666 91
8666 92
8666 93
8666 94
8666 95
8666 96
8666 97
8666 98
8666 99
8666 100
8666 101
8666 102
8666 103
8666 104
8666 105
8666 106
8666 107
8666 108
8666 109
8666 110
8666 111
8666 112
8666 113
8666 114
8666 115
8666 116
8666 117
8666 118
8666 119
8666 120
8666 121
8666 122
8666 123
8666 124
8666 125
8666 126
8666 127
8666 128
8666 129
8666 130
8666 131
8666 132
8666 133
8666 134
8666 135
8666 136
8666 137
8666 138
8666 139
8666 140
8666 141
8666 142
8666 143
8666 144
8666 145
8666 146
8666 147
8666 148
8666 149
8666 150
8666 151
8666 152
8666 153
8666 154
8666 155
8666 156
8666 157
8667 0
8668 0
8668 1
8668 2
8668 3
8668 4
8668 5
8668 6
8668 7
8668 8
8668 9
8669 67
8669 68
8669 69
8669 70
8669 71
8669 72
8669 73
8669 74
8669 75
8669 76
8669 77
8669 78
8670 0
8670 1
8670 2
8670 3
8670 4
8670 5
8670 6
8670 7
8670 8
8670 9
8670 10
8670 11
8670 12
8670 13
8670 14
8670 15
8670 16
8670 17
8670 18
8670 19
8670 20
8670 21
8670 22
8670 23
8670 24
8670 25
8670 26
8670 27
8670 28
8670 29
8670 30
8670 31
8670 32
8670 33
8670 34
8670 35
8670 36
8670 37
8670 38
8670 39
8670 40
8670 41
8670 42
8670 43
8670 44
8670 45
8670 46
8670 47
8670 48
8670 49
8670 50
8670 51
8670 52
8670 53
8670 54
8670 55
8670 56
8670 57
8670 58
8670 59
8670 60
8670 61
8670 62
8670 63
8670 64
8670 65
8670 66
8670 67
8670 68
8670 69
8670 70
8670 71
8670 72
8670 73
8670 74
8670 75
8670 76
8670 77
8670 78
8670 79
8670 80
8670 81
8670 82
8670 83
8670 84
8671 0
8672 0
8672 1
8672 2
8672 3
8673 0
8673 1
8673 2
8673 3
8673 4
8673 5
8673 6
8673 7
8673 8
8673 9
8673 10
8673 11
8674 0
8674 1
8674 2
8674 3
8674 4
8674 5
8674 6
8674 7
8674 8
8674 9
8674 10
8674 11
8674 12
8674 13
8674 14
8674 15
8674 16
8674 17
8674 18
8674 19
8674 20
8674 21
8674 22
8674 23
8674 24
8675 0
8675 1
8675 2
8675 3
8675 4
8675 5
8675 6
8675 7
8675 8
8675 9
8675 10
8675 11
8675 12
8675 13
8675 14
8675 15
8675 16
8675 17
8675 18
8675 19
8675 20
8675 21
8675 22
8675 23
8675 24
8675 25
8675 26
8675 27
8675 28
8675 29
8675 30
8675 31
8675 32
8675 33
8675 34
8675 35
8675 36
8675 41
8675 42
8675 43
8675 44
8675 45
8675 46
8675 47
8675 48
8675 49
8675 50
8675 51
8675 52
8675 53
8675 54
8675 55
8675 56
8675 57
8675 58
8675 59
8675 60
8675 61
8675 62
8675 63
8675 64
8675 65
8675 66
8675 67
8675 68
8675 69
8675 70
8675 71
8675 72
8675 73
8675 74
8675 75
8680 12
8680 13
8680 14
8680 15
8680 16
8680 17
8680 18
8680 19
8680 20
8680 21
8680 22
8680 23
8680 24
8680 25
8680 26
8680 27
8680 28
8680 29
8680 30
8680 31
8680 32
8680 33
8680 34
8680 35
8680 36
8680 37
8680 38
8680 51
8680 52
8680 53
8680 54
8680 55
8680 56
8680 57
8680 58
8680 59
8680 60
8680 61
8680 62
8680 63
8680 64
8680 65
8680 66
8680 73
8680 74
8680 75
8680 76
8681 0
8681 1
8681 2
8681 3
8681 4
8681 5
8681 6
8681 7
8681 8
8681 9
8681 10
8681 11
8681 12
8681 13
8681 14
8681 15
8681 16
8681 17
8681 18
8681 19
8681 20
8681 21
8681 22
8681 23
8681 24
8681 25
8681 26
8681 27
8681 28
8681 29
8681 30
8681 31
8681 32
8681 33
8681 34
8681 35
8681 36
8681 37
8681 38
8681 39
8681 40
8681 41
8681 42
8681 43
8681 54
8681 55
8681 56
8681 57
8681 58
8681 59
8681 60
8681 61
8681 62
8681 63
8681 64
8681 65
8682 0
8682 1
8682 2
8682 3
8682 4
8682 5
8682 6
8682 7
8682 8
8682 9
8682 10
8682 11
8682 12
8682 13
8682 14
8682 15
8682 16
8682 17
8682 18
8682 19
8682 20
8682 21
8682 22
8682 23
8682 24
8682 25
8682 26
8682 27
8682 28
8682 29
8682 70
8682 71
8682 72
8682 73
8682 74
8682 75
8682 76
8682 77
8682 78
8682 79
8682 80
8682 81
8682 82
8682 83
8682 84
8682 85
8682 86
8682 87
8682 88
8682 89
8682 90
8682 91
8682 92
8682 93
8682 94
8682 95
8682 96
8682 97
8682 98
8682 99
8682 100
8682 101
8682 102
8682 103
8682 104
8682 105
8682 106
8682 107
8682 108
8682 109
8682 110
8682 111
8682 112
8682 113
8682 114
8682 115
8682 116
8682 117
8682 118
8682 119
8682 120
8682 121
8682 122
8682 123
8682 124
8682 125
8682 126
8682 127
8682 128
8682 129
8682 130
8682 131
8682 132
8682 133
8682 134
8682 135
8682 136
8682 137
8682 138
8682 139
8682 140
8682 141
8682 142
8682 143
8682 144
8682 145
8682 146
8682 147
8682 148
8682 149
8682 150
8682 151
8682 152
8682 153
8682 154
8682 155
8682 156
8682 157
8682 158
8682 159
8682 160
8682 192
8682 193
8682 194
8682 195
8682 196
8682 197
8682 198
8682 199
8682 200
8682 201
8682 202
8682 203
8682 204
8682 205
8682 206
8682 207
8682 208
8682 209
8682 210
8682 211
8682 212
8682 213
8682 214
8682 215
8682 216
8682 217
8682 218
8682 219
8682 220
8682 221
8682 222
8682 223
8682 224
8682 225
8682 226
8682 227
8682 228
8682 229
8682 230
8682 231
8682 232
8682 233
8682 234
8682 235
8682 236
8682 237
8682 238
8682 239
8682 240
8682 241
8682 242
8682 243
8682 244
8682 245
8682 246
8682 247
8682 248
8682 249
8682 250
8682 251
8682 252
8682 253
8682 254
8682 255
8682 256
8682 257
8682 258
8682 259
8682 260
8682 261
8682 262
8682 263
8682 264
8682 265
8682 266
8682 267
8682 268
8682 269
8682 270
8682 271
8682 272
8682 273
8682 274
8682 275
8682 276
8682 277
8682 278
8682 279
8682 280
8682 281
8682 282
8682 283
8682 284
8682 285
8682 286
8682 287
8682 288
8685 11
8685 12
8685 13
8685 14
8685 15
8685 16
8685 17
8685 18
8685 19
8685 20
8685 21
8685 22
8685 23
8685 24
8685 25
8685 26
8685 27
8685 28
8685 29
8685 30
8685 31
8685 32
8685 33
8685 34
8685 35
8685 36
8685 37
8685 38
8685 39
8685 40
8685 41
8685 42
8685 43
8685 44
8685 45
8685 46
8685 47
8685 48
8685 49
8685 50
8685 51
8685 52
8685 56
8685 57
8685 58
8685 59
8685 60
8685 61
8685 62
8685 74
8685 75
8685 76
8685 77
8685 78
8685 79
8685 80
8685 81
8685 82
8685 83
8685 84
8685 85
8685 86
8685 87
8685 88
8685 89
8685 90
8685 91
8685 92
8685 93
8685 94
8685 95
8685 96
8685 97
8685 98
8685 99
8685 100
8685 101
8685 102
8685 103
8685 104
8685 105
8685 106
8685 107
8685 108
8685 109
8685 110
8685 111
8685 112
8685 113
8685 114
8710 15
8710 16
8710 17
8710 18
8710 19
8710 20
8710 21
8710 22
8710 23
8710 24
8710 25
8710 26
8710 27
8710 28
8711 0
8711 1
8711 2
8711 3
8711 4
8711 5
8711 6
8711 7
8711 8
8711 9
8711 10
8711 11
8711 12
8711 13
8711 14
8711 15
8712 28
8712 29
8712 30
8712 31
8712 32
8712 33
8712 34
8712 35
8713 0
8713 1
8713 2
8713 3
8713 4
8713 5
8713 6
8713 7
8713 8
8713 9
8713 10
8713 11
8713 12
8713 13
8713 14
8713 15
8713 16
8713 17
8713 18
8713 19
8713 20
8713 21
8713 22
8713 23
8713 24
8713 25
8713 26
8713 27
8713 28
8713 29
8713 30
8713 31
8713 32
8713 33
8713 34
8713 35
8713 36
8713 37
8713 38
8713 39
8713 40
8713 41
8713 42
8713 43
8713 44
8713 45
8713 46
8713 47
8713 48
8713 49
8713 50
8713 51
8713 52
8713 53
8713 54
8713 55
8713 56
8713 57
8713 58
8713 59
8713 60
8713 61
8713 62
8713 63
8713 64
8713 65
8713 66
8713 67
8713 68
8713 69
8713 70
8713 71
8713 72
8713 73
8716 35
8716 36
8716 37
8716 38
8716 39
8716 40
8716 41
8716 42
8716 43
8716 44
8716 45
8716 46
8716 47
8716 48
8716 49
8716 50
8716 51
8716 52
8716 53
8716 54
8716 55
8716 56
8716 57
8716 58
8716 59
8716 60
8716 61
8717 0
8717 1
8717 2
8717 3
8717 4
8717 5
8717 6
8717 7
8717 8
8717 9
8717 10
8717 11
8717 12
8717 13
8717 14
8717 15
8717 16
8717 17
8717 18
8717 19
8717 20
8717 21
8717 22
8717 23
8717 24
8717 25
8717 26
8717 27
8717 28
8717 29
8717 30
8717 31
8717 32
8717 33
8717 34
8717 35
8717 36
8717 39
8717 40
8717 41
8717 42
8717 43
8717 44
8717 45
8717 46
8718 0
8718 1
8718 2
8718 3
8718 4
8718 5
8718 6
8718 7
8718 8
8718 9
8718 10
8718 11
8718 12
8718 13
8718 14
8718 15
8718 16
8718 17
8718 18
8718 19
8718 20
8718 21
8718 22
8718 23
8718 24
8718 25
8718 26
8718 27
8718 28
8718 29
8718 30
8718 31
8718 32
8718 33
8718 34
8718 35
8718 36
8718 37
8718 38
8718 39
8718 40
8718 41
8718 42
8718 43
8718 44
8718 45
8718 46
8718 47
8718 48
8718 49
8718 50
8718 51
8718 52
8718 53
8718 54
8718 55
8718 56
8718 57
8718 58
8718 61
8718 62
8718 63
8720 13
8720 14
8720 15
8720 16
8720 17
8720 18
8720 19
8720 20
8720 21
8720 22
8720 23
8720 34
8720 35
8720 36
8720 37
8720 38
8720 39
8720 40
8720 41
8720 42
8720 43
8720 44
8720 45
8720 46
8720 47
8720 48
8720 49
8720 50
8720 51
8720 52
8720 53
8720 54
8720 55
8720 56
8720 57
8720 58
8720 59
8721 0
8722 0
8722 1
8722 2
8722 3
8722 4
8722 5
8722 6
8722 7
8722 8
8722 9
8722 10
8722 11
8722 12
8722 13
8722 14
8722 15
8722 16
8722 17
8722 18
8722 19
8722 20
8722 21
8722 22
8722 23
8722 24
8722 25
8722 26
8722 27
8722 28
8722 29
8722 30
8722 31
8722 32
8722 33
8722 34
8722 35
8722 36
8722 37
8722 38
8722 39
8722 40
8722 41
8723 0
8723 1
8723 2
8723 3
8723 4
8723 5
8723 6
8723 7
8723 8
8723 9
8723 10
8723 11
8724 0
8724 1
8724 2
8724 3
8724 4
8724 5
8724 6
8724 7
8724 8
8724 9
8724 10
8724 11
8724 12
8724 13
8724 14
8724 15
8724 16
8724 17
8724 18
8724 19
8724 20
8724 21
8724 22
8724 23
8724 24
8724 25
8724 26
8724 27
8724 28
8724 29
8724 30
8724 31
8724 32
8724 33
8724 34
8724 35
8724 36
8724 37
8724 38
8724 39
8724 40
8724 41
8724 42
8724 43
8724 44
8724 45
8724 46
8724 47
8724 48
8724 49
8724 50
8724 51
8724 52
8724 53
8724 54
8724 55
8724 56
8724 57
8724 58
8724 59
8724 60
8724 61
8724 62
8724 63
8724 64
8724 65
8724 68
8724 69
8724 70
8724 71
8724 72
8724 73
8724 74
8724 75
8724 76
8724 77
8724 78
8724 79
8724 80
8724 81
8724 82
8724 83
8724 84
8724 85
8724 86
8724 87
8724 88
8724 89
8724 90
8724 91
8724 92
8724 93
8724 94
8724 95
8724 96
8724 97
8724 98
8724 99
8724 100
8726 0
8726 1
8726 2
8726 3
8726 4
8726 5
8726 6
8726 7
8726 8
8726 9
8726 10
8727 0
8728 0
8729 0
8729 1
8729 2
8729 3
8729 4
8729 5
8729 6
8729 7
8729 8
8729 9
8729 10
8729 11
8729 12
8729 13
8729 14
8729 15
8729 16
8729 17
8729 18
8729 19
8745 15
8745 16
8745 17
8745 18
8745 19
8745 20
8745 21
8745 22
8746 0
8746 1
8747 0
8747 1
8747 2
8747 3
8747 4
8747 5
8747 6
8747 7
8747 8
8747 9
8747 10
8747 11
8747 12
8747 13
8747 14
8747 15
8747 16
8747 17
8747 18
8747 19
8747 20
8747 21
8747 22
8747 23
8747 24
8747 25
8747 26
8747 27
8747 28
8747 29
8747 30
8747 31
8747 32
8747 33
8747 34
8747 35
8747 36
8747 37
8747 38
8747 39
8747 40
8747 41
8747 42
8747 43
8747 44
8747 45
8747 46
8747 47
8747 48
8747 49
8747 50
8747 51
8747 52
8747 53
8747 54
8747 55
8747 56
8747 57
8747 58
8747 59
8747 60
8747 61
8747 62
8748 0
8749 0
8749 1
8749 2
8749 3
8749 4
8749 5
8749 6
8749 7
8749 8
8749 9
8749 10
8749 11
8749 12
8749 13
8749 14
8749 15
8749 16
8749 17
8749 18
8749 19
8749 20
8749 21
8749 22
8749 23
8749 24
8749 25
8749 26
8749 27
8749 28
8749 29
8749 30
8749 31
8749 32
8749 33
8749 34
8749 35
8749 36
8749 37
8749 38
8749 39
8749 40
8749 41
8749 42
8749 43
8749 44
8749 45
8749 46
8750 0
8750 1
8750 2
8750 3
8750 4
8750 5
8750 6
8750 7
8750 8
8751 0
8752 0
8752 1
8753 0
8753 1
8753 2
8753 3
8753 4
8753 5
8753 6
8753 7
8753 8
8753 9
8753 10
8753 11
8753 12
8753 13
8753 14
8753 15
8753 16
8753 17
8753 18
8753 19
8995 0
8995 1
8995 2
8995 3
8995 4
8995 5
8995 6
8995 7
8995 8
8995 9
8995 10
8995 11
8995 12
8995 13
8995 14
8995 15
8995 16
8995 17
8995 18
8996 0
8997 0
8998 0
9000 0
9000 1
9000 2
9000 3
9000 4
9000 5
9000 6
9000 7
9000 8
9000 9
9000 10
9000 11
9000 12
9000 13
9000 14
9000 15
9000 16
9000 17
9000 18
9008 25
9009 0
9009 1
9009 2
9009 3
9009 4
9009 5
9009 6
9009 7
9009 8
9009 9
9009 10
9009 11
9009 12
9009 13
9009 14
9009 15
9009 16
9009 17
9009 18
9009 19
9009 20
9009 21
9009 22
9009 23
9009 24
9009 25
9016 0
9017 0
9018 0
9019 0
9019 1
9020 0
9021 0
9021 1
9021 2
9021 3
9021 4
9021 5
9021 6
9021 7
9021 8
9021 9
9021 10
9021 11
9021 12
9021 13
9021 14
9021 15
9021 16
9021 17
9021 18
9021 19
9021 20
9021 21
9021 22
9021 23
9021 24
9021 25
9021 26
9021 27
9021 28
9021 29
9022 0
9022 1
9022 2
9022 3
9022 4
9025 18
9025 19
9025 20
9025 21
9025 22
9025 23
9025 24
9025 25
9025 26
9025 27
9025 28
9025 29
9025 30
9025 31
9025 32
9025 33
9025 34
9025 35
9025 36
9025 37
9025 38
9025 39
9025 40
9025 41
9025 42
9025 43
9025 44
9025 45
9025 46
9025 47
9025 48
9025 49
9032 19
9032 20
9032 21
9032 22
9032 23
9032 24
9032 25
9032 26
9032 27
9032 28
9032 29
9032 30
9032 31
9032 32
9032 33
9032 34
9032 35
9032 36
9032 37
9034 0
9034 1
9034 2
9034 3
9034 4
9034 5
9034 6
9034 7
9034 8
9034 9
9034 10
9034 11
9034 12
9034 13
9034 14
9034 15
9034 16
9034 17
9034 18
9034 19
9034 20
9034 21
9034 22
9034 23
9034 24
9034 25
9034 26
9034 27
9034 28
9034 29
9034 30
9034 31
9034 32
9034 33
9034 34
9034 35
9034 36
9034 37
9034 38
9034 39
9034 40
9034 41
9034 42
9034 43
9034 44
9034 45
9034 46
9034 47
9034 48
9034 49
9034 50
9034 51
9034 52
9034 53
9034 54
9034 55
9034 56
9034 57
9034 58
9034 59
9034 60
9034 61
9034 62
9034 63
9034 64
9034 65
9034 66
9034 67
9041 2
9041 3
9041 4
9041 5
9043 40
9045 2
9045 5
9045 6
9045 7
9045 8
9045 9
9045 10
9045 11
9045 12
9045 13
9045 14
9045 15
9045 16
9045 17
9045 18
9045 19
9045 20
9045 21
9045 22
9045 23
9045 24
9045 25
9045 26
9045 27
9045 28
9045 29
9045 30
9045 31
9045 32
9045 33
9045 34
9045 35
9045 36
9045 37
9045 38
9045 39
9045 40
9045 41
9045 42
9045 43
9045 44
9045 45
9045 46
9045 47
9045 48
9045 49
9045 50
9045 51
9045 52
9045 53
9045 54
9045 55
9045 56
9045 57
9045 58
9045 59
9045 60
9045 61
9045 62
9045 63
9045 64
9045 65
9045 66
9045 67
9045 68
9045 69
9045 91
9045 92
9045 93
9045 94
9045 95
9045 96
9045 97
9045 98
9045 99
9045 100
9045 101
9045 102
9045 103
9045 104
9045 105
9045 106
9045 107
9045 108
9045 109
9045 110
9045 111
9045 112
9045 113
9045 114
9045 115
9045 116
9045 117
9045 118
9045 119
9045 120
9045 121
9045 122
9045 123
9045 124
9045 125
9045 126
9045 127
9045 128
9045 129
9045 130
9045 131
9045 132
9045 133
9045 134
9045 135
9045 136
9045 137
9045 138
9045 139
9045 140
9045 141
9045 142
9045 143
9045 144
9045 145
9045 146
9045 147
9045 148
9045 149
9045 150
9045 151
9045 152
9045 153
9045 154
9045 155
9045 156
9045 157
9045 158
9045 159
9045 160
9045 161
9045 162
9045 163
9045 164
9045 165
9045 166
9045 167
9045 168
9045 169
9045 170
9045 171
9048 15
9048 16
9048 17
9048 18
9048 19
9048 20
9048 21
9048 22
9048 23
9048 24
9048 25
9048 26
9048 27
9048 28
9048 29
9048 30
9048 31
9048 32
9048 33
9048 34
9048 35
9048 36
9048 37
9048 38
9048 39
9048 40
9048 41
9048 42
9048 43
9048 44
9048 45
9048 46
9048 47
9048 48
9048 49
9048 50
9048 51
9048 52
9048 53
9048 54
9048 55
9048 56
9048 57
9048 58
9048 59
9048 60
9048 61
9048 62
9048 63
9048 64
9048 65
9048 66
9048 67
9048 68
9048 69
9048 70
9048 71
9048 72
9048 73
9048 74
9048 75
9048 76
9048 77
9048 78
9048 79
9048 80
9048 81
9048 82
9048 83
9048 84
9048 85
9048 86
9048 87
9048 88
9048 89
9048 90
9049 0
9049 1
9049 2
9049 3
9049 4
9049 5
9049 6
9049 7
9049 8
9049 9
9049 10
9049 11
9049 12
9049 13
9049 14
9049 15
9049 16
9049 17
9049 18
9049 19
9049 20
9057 8
9057 9
9057 10
9057 11
9057 12
9057 13
9057 14
9057 15
9057 16
9057 17
9057 18
9057 19
9058 0
9059 0
9060 0
9060 1
9060 2
9060 3
9060 4
9060 5
9060 6
9060 7
9060 8
9060 9
9060 10
9060 11
9060 12
9060 13
9060 14
9060 15
9060 16
9060 17
9060 18
9060 19
9061 0
9061 1
9061 2
9061 3
9061 4
9061 5
9061 6
9061 7
9061 8
9061 9
9061 10
9061 11
9061 12
9061 13
9061 14
9061 15
9061 16
9061 17
9061 18
9061 19
9061 20
9061 21
9061 22
9061 23
9061 24
9061 25
9061 26
9061 27
9061 28
9061 29
9061 30
9061 31
9061 32
9061 33
9061 34
9061 35
9061 36
9061 37
9061 38
9061 39
9061 40
9061 41
9061 42
9061 43
9061 44
9061 45
9061 46
9061 47
9061 48
9061 49
9061 50
9061 51
9061 52
9061 53
9061 54
9061 55
9061 56
9061 57
9061 58
9061 59
9061 60
9061 61
9061 62
9061 63
9061 64
9061 65
9061 66
9061 86
9061 87
9061 88
9061 90
9061 91
9061 92
9061 93
9061 94
9062 0
9062 1
9062 2
9063 0
9064 0
9065 0
9065 1
9065 2
9065 3
9065 4
9065 5
9065 6
9065 7
9065 8
9065 9
9065 10
9065 11
9065 12
9065 13
9065 14
9065 15
9067 0
9067 1
9067 2
9067 3
9067 4
9067 5
9067 6
9067 7
9067 8
9067 9
9067 10
9067 11
9067 12
9067 13
9067 14
9067 15
9067 16
9068 0
9068 1
9068 2
9068 3
9068 4
9068 5
9068 6
9068 7
9069 0
9069 1
9069 2
9069 3
9069 4
9069 5
9069 6
9069 7
9069 8
9069 9
9069 10
9069 11
9069 12
9069 13
9069 14
9069 15
9069 16
9070 6
9070 7
9070 8
9070 9
9070 10
9070 11
9070 12
9070 13
9070 14
9070 15
9070 16
9070 17
9070 18
9070 19
9070 20
9070 21
9070 22
9070 23
9070 24
9070 25
9070 26
9070 27
9070 28
9070 29
9070 30
9070 31
9070 32
9070 33
9070 34
9070 35
9070 36
9070 37
9070 38
9070 39
9070 40
9070 41
9070 42
9070 43
9070 44
9070 45
9070 46
9070 47
9070 48
9070 49
9070 50
9070 51
9070 52
9070 53
9070 54
9070 55
9070 56
9070 57
9070 58
9070 59
9070 60
9070 61
9070 62
9070 63
9070 64
9070 65
9070 66
9070 67
9070 68
9070 69
9070 70
9070 71
9070 72
9070 73
9070 74
9070 75
9070 76
9070 77
9070 78
9070 79
9070 80
9070 81
9070 82
9070 83
9070 84
9070 85
9070 86
9070 87
9070 88
9070 89
9070 90
9070 91
9070 92
9070 93
9070 94
9070 95
9070 96
9070 117
9070 118
9070 119
9070 120
9070 121
9070 122
9070 123
9070 124
9070 125
9070 126
9070 127
9070 128
9070 129
9070 130
9070 131
9070 132
9070 133
9070 134
9070 135
9070 136
9070 137
9070 138
9070 139
9070 140
9070 141
9070 142
9070 143
9070 144
9070 145
9070 146
9070 147
9070 148
9070 149
9070 150
9070 151
9070 152
9070 153
9070 154
9070 155
9070 156
9070 157
9070 158
9070 159
9070 160
9070 161
9070 162
9070 163
9070 164
9070 165
9070 166
9070 167
9070 168
9070 169
9070 170
9070 171
9070 172
9070 173
9070 174
9070 175
9071 0
9072 0
9072 1
9072 2
9072 3
9072 4
9072 5
9072 6
9072 7
9072 8
9072 9
9072 10
9072 11
9072 12
9072 13
9072 14
9072 15
9072 16
9072 17
9072 18
9072 19
9072 20
9072 21
9072 22
9072 23
9072 24
9072 25
9072 26
9072 27
9072 28
9072 29
9072 30
9072 31
9072 32
9072 33
9072 34
9072 35
9072 36
9072 37
9072 38
9072 39
9072 40
9072 41
9072 42
9072 43
9072 44
9072 45
9072 46
9072 47
9072 48
9072 49
9072 50
9072 51
9072 52
9072 53
9072 54
9072 55
9072 56
9072 57
9072 58
9072 59
9072 60
9072 61
9072 62
9072 63
9072 64
9072 65
9072 66
9072 67
9072 68
9072 69
9072 70
9072 71
9072 72
9072 73
9072 74
9072 75
9072 76
9072 77
9072 78
9072 79
9072 80
9072 81
9072 82
9072 83
9072 84
9072 85
9072 86
9072 87
9072 88
9072 89
9072 90
9072 91
9072 92
9072 93
9072 94
9073 0
9073 1
9073 2
9073 3
9073 4
9073 5
9073 6
9073 7
9073 8
9073 9
9073 10
9073 11
9073 12
9073 13
9073 14
9073 15
9073 16
9073 17
9073 18
9073 19
9073 20
9073 21
9073 22
9074 0
9074 1
9074 2
9074 3
9074 4
9074 5
9074 6
9074 7
9074 8
9074 9
9074 10
9074 11
9074 12
9074 13
9074 14
9075 0
9075 1
9075 2
9075 3
9075 4
9075 5
9075 6
9075 7
9075 8
9075 9
9076 0
9076 1
9077 0
9077 1
9078 0
9078 1
9079 0
9080 0
9080 1
9080 2
9080 3
9081 0
9082 0
9084 0
9085 0
9086 0
9086 1
9086 2
9086 3
9086 4
9086 5
9086 6
9086 7
9086 8
9086 9
9086 10
9086 11
9086 12
9086 13
9086 14
9086 15
9086 16
9086 17
9086 18
9086 19
9086 20
9086 21
9086 22
9086 23
9086 24
9086 25
9086 26
9086 33
9086 34
9086 35
9086 36
9086 37
9086 38
9086 39
9086 40
9086 41
9086 42
9086 43
9086 44
9086 45
9086 46
9086 47
9086 48
9086 49
9086 50
9086 51
9086 52
9086 53
9086 54
9086 55
9086 56
9086 57
9086 58
9086 59
9086 60
9086 61
9086 62
9086 63
9086 64
9086 65
9086 66
9086 67
9086 68
9086 69
9086 70
9086 71
9086 72
9086 73
9086 74
9086 75
9086 76
9086 77
9086 78
9086 79
9086 80
9086 81
9086 82
9086 83
9086 84
9086 85
9086 86
9086 87
9086 88
9086 89
9086 90
9086 91
9086 92
9086 93
9086 94
9086 95
9086 96
9086 97
9086 98
9086 99
9086 100
9087 0
9087 1
9087 2
9087 3
9087 4
9087 5
9087 6
9087 7
9087 8
9087 9
9087 10
9087 11
9087 12
9087 13
9087 18
9087 19
9087 20
9087 21
9087 22
9087 23
9087 24
9087 25
9087 26
9087 27
9087 28
9087 29
9087 30
9087 31
9087 32
9087 33
9087 34
9087 35
9087 36
9087 37
9087 38
9087 39
9087 40
9087 41
9087 42
9087 43
9087 44
9087 45
9087 46
9087 47
9087 48
9087 49
9087 50
9087 51
9087 52
9087 53
9087 54
9087 55
9087 56
9087 57
9087 58
9087 59
9087 60
9087 61
9087 62
9087 63
9087 64
9088 0
9088 1
9088 2
9088 3
9088 4
9088 5
9088 6
9088 7
9088 8
9088 9
9088 10
9088 11
9088 12
9088 13
9088 14
9088 15
9088 16
9088 17
9088 18
9088 19
9088 20
9088 21
9088 22
9088 23
9088 24
9088 25
9088 26
9088 27
9128 12
9128 13
9128 14
9128 15
9128 16
9128 17
9128 18
9128 19
9128 20
9128 21
9128 22
9128 23
9128 24
9128 25
9128 26
9128 27
9128 28
9128 29
9128 30
9128 31
9128 32
9128 33
9128 34
9128 35
9128 36
9128 37
9128 38
9128 39
9128 40
9128 41
9128 42
9128 43
9130 7
9130 8
9130 9
9130 10
9130 11
9130 12
9130 13
9130 14
9130 15
9130 16
9130 17
9130 18
9130 19
9130 20
9130 21
9130 22
9130 23
9130 24
9130 25
9130 26
9130 27
9131 0
9132 0
9133 0
9133 1
9133 2
9133 3
9133 4
9133 5
9133 6
9133 7
9133 8
9133 9
9133 10
9133 11
9133 12
9133 13
9133 14
9133 15
9133 16
9133 17
9133 18
9133 19
9133 20
9133 21
9133 22
9133 23
9133 24
9133 25
9133 26
9133 27
9133 28
9133 29
9133 30
9133 31
9133 32
9134 0
9134 1
9134 2
9134 3
9134 4
9134 5
9134 6
9134 7
9134 8
9134 9
9134 10
9134 11
9134 12
9134 13
9134 14
9134 15
9135 0
9135 1
9135 2
9135 3
9136 0
9137 0
9137 1
9137 2
9137 3
9138 0
9138 1
9138 2
9138 3
9138 4
9138 5
9138 6
9138 7
9138 8
9138 9
9138 10
9138 11
9138 12
9138 13
9138 14
9138 15
9138 16
9138 17
9138 18
9138 19
9138 20
9138 21
9138 22
9139 0
9139 1
9139 2
9139 3
9139 4
9139 5
9139 6
9139 7
9139 8
9139 9
9139 10
9139 11
9139 12
9139 13
9139 14
9139 15
9139 16
9139 17
9139 18
9139 19
9139 20
9139 21
9139 22
9139 23
9140 0
9141 0
9142 0
9143 0
9144 0
9145 16
9145 17
9145 18
9145 19
9145 20
9145 21
9145 22
9145 23
9145 24
9145 25
9145 26
9145 27
9145 28
9145 29
9145 30
9145 31
9145 32
9145 33
9145 34
9145 35
9145 36
9145 37
9145 42
9145 43
9145 44
9145 45
9145 46
9145 47
9145 48
9145 49
9145 50
9145 51
9145 52
9145 53
9145 54
9145 55
9145 56
9145 57
9145 58
9145 59
9145 60
9145 68
9145 69
9145 70
9145 71
9145 72
9145 73
9145 74
9145 75
9145 76
9145 77
9145 78
9145 79
9145 80
9145 81
9145 82
9145 83
9145 84
9145 85
9146 0
9146 1
9146 2
9146 3
9146 4
9146 5
9146 6
9146 7
9146 8
9146 9
9146 10
9146 11
9146 12
9146 13
9146 14
9146 15
9146 16
9146 17
9146 18
9146 19
9146 20
9146 21
9146 22
9146 23
9146 24
9146 25
9147 0
9147 1
9147 2
9147 3
9147 4
9148 0
9148 1
9148 2
9148 3
9148 4
9148 5
9148 6
9148 7
9148 8
9148 9
9148 10
9148 11
9148 12
9148 13
9148 14
9148 15
9148 16
9148 17
9148 18
9148 19
9148 20
9148 21
9148 22
9148 23
9148 24
9149 0
9149 1
9149 2
9149 3
9149 4
9149 5
9149 6
9149 7
9149 8
9149 9
9149 10
9149 11
9149 12
9149 13
9149 14
9149 15
9149 16
9149 17
9149 18
9149 19
9149 20
9149 21
9149 22
9149 23
9149 24
9149 25
9149 26
9149 27
9149 28
9149 29
9149 30
9149 31
9149 32
9149 33
9149 34
9149 35
9149 36
9149 37
9149 38
9149 39
9149 40
9149 41
9149 42
9149 43
9149 44
9149 45
9149 46
9149 47
9149 48
9149 49
9149 50
9149 51
9149 52
9149 53
9149 54
9149 55
9149 56
9149 57
9149 58
9149 59
9149 60
9149 61
9149 62
9149 63
9149 64
9149 65
9149 66
9149 67
9149 68
9149 69
9149 70
9149 71
9149 72
9149 73
9149 74
9149 75
9149 76
9149 77
9149 78
9149 79
9149 80
9149 81
9149 82
9149 83
9149 84
9149 85
9149 86
9150 0
9151 0
9151 1
9174 21
9174 22
9174 23
9174 26
9174 27
9174 28
9174 29
9174 30
9174 31
9174 32
9174 33
9174 34
9174 50
9174 51
9174 52
9174 53
9174 54
9174 55
9174 56
9174 57
9174 58
9174 59
9174 60
9174 61
9174 62
9174 63
9174 64
9174 65
9174 66
9174 67
9174 68
9175 0
9175 1
9175 2
9175 3
9175 4
9175 5
9175 6
9175 7
9175 8
9176 0
9177 1
9177 2
9177 3
9177 4
9177 5
9177 6
9177 7
9177 8
9177 9
9177 10
9177 11
9177 12
9177 13
9177 14
9177 15
9177 16
9177 17
9177 18
9177 19
9177 20
9177 21
9177 22
9177 23
9177 24
9177 25
9177 26
9177 27
9177 28
9177 29
9177 30
9177 31
9177 32
9177 33
9177 34
9177 35
9177 36
9177 37
9177 38
9177 39
9177 40
9177 41
9177 42
9177 43
9177 44
9177 45
9177 46
9177 47
9177 48
9177 49
9177 50
9177 51
9177 52
9177 53
9177 54
9177 55
9177 56
9178 0
9178 1
9178 2
9178 3
9178 4
9178 5
9178 6
9178 7
9178 8
9178 9
9178 10
9178 11
9178 12
9178 13
9178 14
9178 15
9178 16
9178 17
9178 18
9178 19
9178 20
9178 21
9178 22
9178 23
9178 24
9178 25
9178 26
9178 27
9178 28
9178 29
9178 30
9178 31
9178 32
9178 33
9178 34
9178 35
9178 36
9178 37
9179 20
9179 21
9179 22
9179 23
9179 24
9179 25
9179 26
9179 27
9179 28
9179 29
9179 30
9179 31
9179 32
9179 33
9179 34
9179 35
9179 36
9179 37
9179 38
9179 39
9179 40
9179 41
9179 42
9179 43
9179 44
9179 45
9179 46
9179 47
9179 48
9179 49
9179 50
9179 51
9179 52
9181 1
9181 2
9181 3
9181 4
9181 5
9181 6
9181 7
9181 8
9181 9
9181 10
9181 11
9181 12
9182 0
9182 1
9182 2
9182 3
9182 4
9182 5
9182 6
9182 7
9182 8
9182 9
9182 10
9182 11
9182 12
9182 13
9182 14
9182 15
9182 16
9182 17
9182 18
9182 19
9182 20
9182 21
9182 22
9182 23
9182 24
9182 25
9182 26
9182 27
9182 28
9182 29
9182 30
9182 31
9182 32
9182 33
9182 34
9182 35
9182 36
9182 37
9182 38
9182 39
9183 0
9183 1
9183 2
9184 0
9184 1
9185 0
9185 1
9185 2
9185 3
9185 4
9185 5
9185 6
9185 7
9185 8
9185 9
9185 10
9185 11
9185 12
9185 13
9185 14
9186 0
9186 1
9186 2
9186 3
9186 4
9186 5
9186 6
9186 7
9186 8
9186 9
9186 10
9186 11
9186 12
9186 13
9186 14
9186 15
9186 16
9186 17
9186 18
9186 19
9186 20
9187 0
9187 1
9187 2
9187 3
9187 4
9187 5
9187 6
9187 7
9187 8
9187 9
9187 10
9187 11
9187 12
9187 13
9187 14
9187 15
9187 16
9187 17
9187 18
9187 19
9187 20
9187 21
9187 22
9187 23
9187 24
9187 25
9187 26
9187 27
9187 28
9187 29
9187 30
9187 31
9187 32
9187 33
9187 34
9187 35
9187 36
9187 37
9187 38
9187 39
9187 40
9187 41
9187 42
9187 43
9187 44
9187 45
9187 46
9187 47
9187 48
9187 49
9188 0
9188 1
9188 2
9189 0
9189 1
9189 2
9189 3
9189 4
9189 5
9189 6
9189 7
9189 8
9189 9
9189 10
9189 11
9189 12
9189 13
9189 14
9189 15
9189 16
9189 17
9189 18
9189 19
9189 20
9189 21
9189 22
9189 23
9189 24
9190 0
9190 1
9190 2
9190 3
9190 4
9190 5
9190 6
9190 7
9190 8
9190 9
9190 10
9190 11
9190 12
9190 14
9190 15
9190 16
9190 17
9190 18
9190 19
9190 20
9190 21
9190 22
9190 23
9190 24
9190 25
9190 26
9190 27
9190 28
9190 29
9190 30
9190 31
9190 32
9190 33
9190 34
9190 35
9190 36
9190 37
9190 38
9190 39
9190 40
9190 41
9190 42
9190 43
9190 44
9190 45
9190 46
9190 47
9190 48
9190 49
9190 50
9190 51
9190 52
9191 0
9191 1
9191 2
9191 3
9191 4
9191 5
9191 6
9191 7
9191 8
9191 9
9191 10
9191 11
9191 12
9191 13
9191 14
9191 15
9191 16
9191 17
9191 18
9191 19
9191 20
9191 21
9191 22
9191 23
9191 24
9191 25
9191 26
9192 0
9192 1
9192 2
9192 3
9192 4
9192 5
9192 6
9192 7
9199 1
9199 2
9199 3
9199 4
9199 5
9199 6
9199 7
9199 8
9199 9
9199 10
9199 11
9199 12
9199 13
9199 14
9199 15
9199 16
9199 17
9199 18
9199 19
9199 20
9199 21
9199 22
9199 23
9199 24
9199 25
9199 26
9199 27
9199 28
9199 29
9199 30
9199 31
9199 32
9199 33
9199 34
9199 35
9199 36
9199 37
9199 38
9199 39
9199 40
9199 41
9199 42
9199 43
9199 44
9199 45
9199 46
9199 47
9199 48
9199 49
9199 50
9199 53
9199 54
9199 55
9199 56
9199 57
9199 58
9200 0
9200 1
9200 2
9200 3
9202 1
9202 2
9202 3
9202 4
9202 5
9202 6
9202 7
9202 8
9202 9
9202 10
9202 11
9203 0
9203 1
9203 2
9203 3
9203 4
9203 5
9203 6
9203 7
9203 8
9203 9
9203 10
9203 11
9203 12
9203 13
9203 14
9203 15
9203 16
9203 17
9203 18
9203 19
9203 20
9203 21
9203 22
9203 23
9204 0
9205 0
9205 1
9205 2
9205 3
9205 4
9205 5
9205 6
9205 7
9205 8
9205 9
9205 10
9205 11
9205 12
9205 13
9205 14
9205 15
9205 16
9205 17
9205 18
9205 19
9205 20
9205 21
9205 22
9205 42
9205 43
9205 44
9205 45
9205 46
9205 47
9205 48
9205 49
9205 50
9205 51
9205 52
9205 53
9205 54
9205 55
9205 56
9205 57
9205 58
9205 59
9205 60
9205 61
9205 62
9205 63
9205 64
9205 65
9205 66
9205 67
9205 68
9205 69
9206 0
9206 1
9206 2
9206 3
9206 4
9206 5
9206 6
9206 7
9206 8
9206 9
9206 10
9206 11
9206 12
9206 13
9206 14
9206 15
9207 0
9207 1
9207 2
9207 3
9207 4
9207 5
9207 6
9207 7
9207 8
9207 9
9207 10
9207 11
9207 12
9207 13
9207 14
9207 15
9207 16
9207 17
9207 18
9207 19
9207 20
9207 21
9207 22
9207 23
9207 24
9207 25
9207 26
9207 27
9207 28
9207 29
9207 30
9207 31
9207 32
9207 33
9207 37
9207 38
9207 39
9207 40
9207 41
9207 42
9207 43
9207 44
9207 45
9207 46
9207 47
9207 48
9207 49
9207 50
9207 51
9207 52
9207 53
9207 54
9207 55
9207 56
9207 57
9207 58
9207 59
9207 60
9207 61
9208 0
9208 1
9208 2
9208 3
9208 4
9208 5
9209 0
9209 1
9209 2
9209 3
9209 4
9209 5
9210 0
9211 0
9211 1
9211 2
9211 3
9211 4
9211 5
9211 6
9211 7
9211 8
9211 9
9211 10
9211 11
9211 12
9211 13
9211 14
9211 15
9211 16
9211 17
9211 18
9211 19
9211 20
9211 21
9211 22
9211 23
9211 24
9211 25
9211 26
9211 27
9211 28
9211 29
9211 30
9211 31
9211 32
9211 33
9211 34
9211 35
9211 36
9211 37
9211 38
9211 39
9211 40
9211 41
9211 42
9211 43
9212 0
9213 0
9214 0
9214 1
9214 2
9214 3
9214 4
9214 5
9214 6
9214 7
9214 8
9214 9
9214 10
9215 0
9215 1
9215 2
9215 3
9215 4
9215 5
9215 6
9215 7
9215 8
9215 9
9215 10
9215 11
9215 12
9215 13
9215 14
9215 15
9215 16
9215 17
9215 18
9215 19
9215 20
9215 21
9215 22
9215 23
9215 24
9215 25
9215 26
9215 27
9215 28
9215 29
9215 30
9215 31
9215 32
9215 33
9215 34
9215 35
9215 36
9215 37
9215 38
9215 39
9216 0
9216 1
9216 2
9216 3
9217 0
9217 1
9322 14
9322 15
9322 16
9322 17
9322 18
9322 19
9322 20
9322 21
9322 22
9323 0
9324 0
9324 1
9324 2
9324 3
9324 4
9324 5
9324 6
9324 7
9324 8
9324 9
9324 10
9324 11
9324 12
9324 13
9324 14
9324 15
9324 16
9324 17
9324 18
9324 19
9324 20
9324 21
9324 22
9324 23
9324 24
9324 25
9324 26
9330 8
9330 9
9331 0
9332 9
9332 10
9332 11
9332 12
9332 13
9333 0
9333 1
9333 2
9333 3
9333 4
9333 5
9333 6
9333 7
9333 8
9334 0
9334 1
9334 2
9334 3
9334 4
9334 5
9334 6
9334 7
9334 8
9334 9
9334 10
9334 11
9335 0
9335 1
9335 2
9335 3
9335 4
9335 5
9335 6
9335 7
9335 8
9335 9
9335 10
9335 11
9335 12
9335 13
9335 14
9335 15
9335 16
9335 17
9335 18
9335 19
9335 20
9335 21
9335 22
9335 23
9335 41
9336 0
9336 1
9336 2
9336 3
9336 4
9336 5
9336 6
9336 7
9336 8
9336 9
9337 0
9337 1
9337 2
9338 0
9338 1
9338 2
9338 3
9338 4
9338 5
9338 6
9338 7
9338 8
9339 0
9340 0
9340 1
9340 2
9340 3
9341 0
9341 1
9341 2
9341 3
9341 4
9341 5
9341 6
9341 7
9341 8
9341 9
9341 10
9341 11
9341 12
9341 13
9341 14
9341 15
9341 16
9341 17
9341 18
9341 19
9341 20
9341 21
9341 22
9341 23
9341 24
9341 25
9341 26
9341 27
9341 28
9341 29
9341 30
9341 31
9341 32
9341 33
9341 34
9341 35
9341 36
9341 37
9341 38
9341 39
9341 40
9341 41
9342 0
9342 1
9342 2
9342 3
9342 4
9342 5
9342 6
9342 7
9343 0
9344 0
9345 0
9345 1
9345 2
9346 0
9346 1
9346 2
9346 3
9346 4
9347 0
9347 1
9347 2
9347 3
9347 4
9347 5
9347 6
9347 7
9347 8
9347 9
9347 10
9347 11
9347 12
9347 13
9347 14
9347 15
9347 16
9347 17
9347 18
9347 19
9347 20
9347 21
9347 22
9347 23
9347 24
9347 25
9347 26
9347 27
9347 28
9347 29
9347 30
9347 31
9347 32
9347 33
9347 34
9347 35
9347 36
9347 37
9347 38
9347 39
9347 40
9347 41
9347 42
9347 43
9347 44
9347 45
9347 46
9347 47
9347 48
9347 49
9347 50
9347 51
9347 52
9347 53
9347 54
9347 55
9347 56
9348 0
9348 1
9349 0
9349 1
9349 2
9350 0
9350 1
9350 2
9350 3
9350 4
9350 5
9350 6
9350 7
9350 8
9350 9
9350 10
9350 11
9350 12
9350 13
9350 14
9350 15
9350 16
9350 17
9350 18
9350 19
9350 20
9350 21
9350 22
9351 0
9351 1
9351 2
9351 3
9351 4
9351 5
9351 6
9351 7
9351 8
9351 9
9351 10
9351 11
9351 12
9351 13
9351 14
9351 15
9351 16
9351 17
9351 18
9351 19
9351 20
9351 21
9351 22
9351 23
9351 24
9352 0
9352 1
9352 2
9352 3
9352 4
9352 5
9352 6
9352 7
9352 8
9352 9
9359 18
9359 19
9359 20
9359 21
9359 22
9359 23
9359 24
9359 25
9359 26
9359 27
9360 0
9360 1
9361 0
9361 1
9361 2
9361 3
9361 4
9361 5
9361 6
9361 7
9361 8
9361 9
9361 10
9361 11
9361 12
9361 13
9362 0
9362 1
9362 2
9362 3
9362 4
9362 5
9362 6
9362 7
9362 8
9362 9
9362 10
9362 11
9362 12
9362 13
9362 14
9362 15
9362 16
9362 17
9362 18
9362 19
9362 20
9362 21
9362 22
9362 23
9363 0
9363 1
9363 2
9364 0
9364 1
9364 2
9364 3
9364 4
9364 5
9364 6
9364 7
9364 8
9364 9
9364 10
9364 11
9364 12
9364 13
9364 14
9364 15
9364 16
9364 17
9364 18
9364 19
9364 20
9364 21
9364 22
9364 23
9364 24
9364 25
9364 26
9364 27
9364 28
9364 29
9364 30
9364 31
9364 32
9364 33
9364 34
9364 35
9365 0
9365 1
9365 2
9365 3
9365 4
9365 5
9365 6
9365 7
9365 8
9365 9
9365 10
9365 11
9365 12
9365 13
9365 14
9365 15
9365 16
9365 17
9365 18
9365 19
9365 20
9365 21
9365 22
9365 23
9365 24
9365 25
9365 26
9365 27
9365 28
9365 29
9366 0
9366 1
9366 2
9366 3
9366 4
9366 5
9366 6
9366 7
9366 8
9366 9
9366 10
9366 11
9366 12
9366 13
9366 14
9366 15
9366 16
9366 17
9366 18
9366 19
9366 20
9366 21
9366 22
9366 23
9366 24
9366 25
9366 26
9366 27
9366 28
9366 29
9366 30
9367 1
9367 2
9367 3
9367 4
9367 5
9367 6
9367 7
9367 8
9367 9
9367 10
9367 11
9367 12
9367 13
9367 14
9367 15
9367 16
9367 17
9367 18
9367 19
9367 20
9367 21
9367 22
9367 23
9367 24
9367 25
9367 26
9367 27
9367 28
9367 29
9367 30
9367 31
9367 32
9368 0
9368 1
9368 2
9369 0
9370 0
9370 1
9370 2
9370 3
9370 4
9370 5
9370 6
9370 7
9370 8
9370 9
9370 10
9370 11
9370 12
9370 13
9370 14
9370 15
9370 16
9370 17
9370 18
9370 19
9370 20
9370 21
9370 22
9370 23
9370 24
9370 25
9370 26
9370 27
9370 28
9370 29
9370 30
9370 31
9371 0
9371 1
9371 2
9371 3
9371 4
9371 5
9371 6
9371 7
9371 8
9371 9
9371 10
9371 11
9371 12
9371 13
9371 14
9371 15
9371 16
9371 17
9371 18
9371 19
9371 20
9373 0
9373 1
9373 2
9373 3
9373 4
9373 5
9373 6
9373 7
9373 8
9373 9
9373 10
9373 11
9373 12
9373 13
9373 14
9373 15
9373 16
9373 17
9373 18
9373 19
9373 20
9373 21
9373 22
9373 23
9373 24
9373 25
9373 26
9373 27
9373 28
9373 29
9373 30
9373 31
9373 32
9373 33
9373 34
9373 35
9373 36
9373 37
9373 38
9373 39
9373 40
9373 41
9373 42
9373 43
9373 44
9373 45
9373 46
9373 47
9373 48
9373 49
9373 50
9373 51
9373 52
9373 53
9374 0
9374 1
9374 2
9374 3
9374 4
9374 5
9374 6
9374 7
9374 8
9374 9
9374 10
9374 11
9374 12
9374 13
9374 14
9374 15
9374 16
9375 0
9375 1
9375 2
9375 3
9375 4
9375 5
9375 6
9375 7
9375 8
9375 9
9375 10
9375 11
9376 0
9376 1
9376 2
9376 3
9376 4
9376 5
9376 6
9376 7
9376 8
9376 9
9376 10
9376 11
9376 12
9376 13
9376 14
9376 15
9376 16
9376 17
9376 18
9376 19
9376 20
9376 21
9376 22
9376 23
9376 24
9376 25
9376 26
9376 27
9376 28
9376 29
9376 30
9376 31
9392 2
9392 3
9392 4
9392 5
9392 6
9392 7
9392 8
9392 9
9392 10
9392 11
9392 12
9392 13
9393 0
9393 1
9393 2
9393 3
9393 4
9393 5
9393 6
9394 0
9394 1
9394 2
9394 3
9394 4
9394 5
9394 6
9394 7
9394 8
9394 9
9394 10
9394 11
9394 12
9394 13
9394 14
9394 15
9394 16
9394 17
9394 18
9395 0
9395 1
9395 2
9395 3
9395 4
9395 5
9395 6
9395 7
9395 8
9395 9
9395 10
9395 11
9395 12
9395 13
9395 14
9395 15
9395 16
9395 17
9395 18
9395 19
9395 20
9395 21
9395 22
9396 0
9396 1
9396 2
9396 3
9396 4
9396 5
9396 6
9396 7
9396 8
9396 9
9396 10
9396 11
9396 12
9396 13
9396 14
9396 15
9396 16
9396 17
9396 18
9396 19
9396 20
9396 21
9396 22
9396 23
9396 24
9396 25
9396 26
9396 27
9396 28
9396 29
9396 30
9396 31
9396 32
9396 33
9396 34
9396 35
9396 36
9396 37
9396 38
9396 39
9398 4
9398 5
9398 6
9398 7
9398 8
9398 9
9398 10
9398 11
9398 12
9398 13
9398 14
9398 15
9398 16
9398 17
9398 18
9398 19
9398 20
9398 21
9398 22
9398 23
9398 24
9398 25
9398 26
9398 27
9398 28
9398 29
9398 30
9398 31
9398 32
9398 33
9398 34
9398 35
9398 36
9398 37
9398 38
9398 39
9398 40
9398 41
9398 42
9398 43
9398 44
9398 45
9398 46
9398 47
9398 48
9398 49
9398 50
9398 51
9398 52
9398 53
9398 54
9398 55
9398 56
9399 0
9399 1
9399 2
9399 3
9399 4
9399 5
9399 6
9399 7
9399 8
9399 9
9399 10
9399 11
9399 29
9399 30
9399 31
9399 32
9399 33
9399 34
9399 35
9399 36
9399 37
9399 38
9399 39
9399 40
9399 41
9399 42
9399 43
9399 44
9399 45
9399 46
9399 47
9399 48
9399 49
9399 50
9399 51
9399 52
9399 53
9399 54
9399 55
9399 56
9399 57
9399 58
9399 59
9399 60
9399 61
9399 62
9399 63
9399 64
9399 65
9399 66
9399 67
9399 68
9399 69
9399 70
9399 71
9399 72
9399 73
9399 74
9399 75
9399 76
9399 77
9399 78
9400 0
9400 1
9400 2
9400 3
9400 4
9400 5
9400 6
9400 7
9400 8
9400 9
9400 10
9400 11
9400 12
9400 13
9400 14
9400 15
9400 16
9400 17
9400 18
9400 19
9400 20
9400 21
9400 22
9400 23
9400 24
9400 25
9401 0
9401 1
9401 2
9401 3
9401 4
9401 5
9401 6
9401 7
9401 8
9409 3
9409 4
9409 5
9409 6
9409 7
9409 8
9409 9
9409 10
9409 11
9409 12
9409 13
9409 14
9409 15
9409 16
9409 17
9409 18
9409 19
9409 20
9409 21
9409 22
9409 23
9409 24
9409 25
9409 26
9409 27
9409 28
9409 29
9409 30
9409 31
9409 32
9409 33
9409 34
9410 0
9410 1
9410 2
9410 3
9411 0
9412 0
9412 1
9412 2
9413 0
9413 1
9413 2
9413 3
9413 4
9413 5
9413 6
9413 7
9413 8
9413 9
9413 10
9413 11
9413 12
9413 13
9413 14
9413 15
9413 16
9413 17
9413 18
9413 19
9413 20
9413 21
9413 22
9413 23
9413 24
9413 25
9413 26
9413 27
9413 28
9413 29
9413 30
9413 31
9413 32
9413 33
9413 34
9413 35
9413 36
9413 37
9413 38
9413 39
9413 40
9413 41
9413 42
9413 43
9413 44
9413 45
9413 46
9413 47
9413 48
9413 49
9413 50
9413 51
9413 52
9413 53
9413 54
9413 55
9413 56
9413 57
9413 58
9413 59
9426 4
9426 5
9426 6
9426 7
9426 8
9426 9
9426 10
9427 0
9427 1
9427 2
9427 3
9427 4
9427 5
9427 6
9427 7
9427 8
9427 9
9427 10
9427 11
9427 12
9427 13
9427 14
9427 15
9427 16
9427 17
9427 18
9427 19
9427 20
9427 21
9427 22
9427 23
9427 24
9427 25
9427 26
9427 27
9427 28
9427 29
9427 30
9427 31
9427 32
9427 33
9427 34
9427 35
9427 36
9427 37
9427 38
9427 39
9427 40
9427 41
9427 42
9427 43
9427 44
9427 45
9427 46
9427 47
9427 48
9427 49
9427 50
9427 51
9427 52
9427 53
9427 54
9427 55
9427 56
9427 57
9427 58
9427 59
9427 60
9427 61
9427 62
9427 63
9427 64
9427 65
9427 66
9427 67
9427 68
9427 69
9427 70
9427 71
9427 72
9427 73
9427 74
9427 75
9427 76
9427 77
9427 78
9427 79
9427 80
9427 81
9427 82
9427 83
9427 84
9427 85
9427 86
9427 87
9427 88
9427 89
9427 90
9427 91
9427 92
9427 93
9427 94
9427 95
9427 96
9427 97
9427 98
9427 99
9427 100
9427 101
9427 102
9427 103
9427 104
9427 105
9427 106
9427 107
9427 108
9427 109
9427 110
9427 111
9427 112
9427 113
9427 114
9427 115
9427 116
9427 117
9427 118
9427 119
9427 120
9427 121
9427 122
9427 123
9427 124
9427 125
9427 126
9427 127
9428 0
9428 1
9428 2
9428 3
9428 4
9428 5
9428 6
9428 7
9429 0
9430 0
9430 1
9430 2
9430 3
9430 4
9430 5
9430 6
9431 0
9431 1
9431 2
9431 3
9431 4
9431 5
9431 6
9431 7
9431 8
9431 9
9431 10
9431 11
9431 12
9431 13
9431 14
9431 15
9431 16
9431 17
9431 18
9431 37
9431 38
9431 39
9431 40
9431 41
9431 42
9431 43
9431 44
9431 45
9431 46
9431 47
9431 48
9431 49
9432 0
9432 1
9432 2
9432 3
9432 4
9432 5
9432 6
9432 7
9432 8
9432 9
9432 10
9432 11
9432 12
9432 13
9432 14
9432 15
9432 16
9432 17
9432 18
9432 19
9432 20
9432 21
9432 22
9432 23
9432 24
9432 25
9433 0
9433 1
9433 2
9433 3
9433 4
9434 0
9434 1
9434 2
9434 3
9434 4
9434 5
9434 6
9434 7
9434 8
9434 9
9434 10
9434 11
9434 12
9434 13
9434 14
9434 15
9435 0
9435 1
9435 2
9435 3
9436 0
9436 1
9436 2
9436 3
9437 0
9437 1
9437 2
9437 3
9437 4
9437 5
9437 6
9437 7
9437 8
9437 9
9437 10
9437 11
9437 12
9437 13
9437 14
9437 15
9437 16
9437 17
9437 18
9437 19
9437 20
9437 21
9437 22
9437 23
9437 24
9437 25
9437 26
9437 27
9437 28
9437 29
9437 30
9438 0
9439 0
9439 1
9439 2
9439 3
9439 4
9439 5
9439 6
9439 7
9439 8
9439 9
9439 10
9439 11
9439 12
9439 13
9439 14
9439 15
9439 16
9439 17
9439 18
9439 19
9439 20
9439 21
9439 22
9440 0
9440 1
9440 2
9441 0
9441 1
9441 2
9441 3
9441 4
9441 5
9441 6
9441 7
9441 8
9441 9
9441 10
9441 11
9441 12
9441 13
9441 14
9441 15
9441 16
9441 17
9441 18
9441 19
9441 20
9441 21
9441 22
9441 23
9441 24
9441 25
9441 26
9441 27
9441 28
9441 29
9441 30
9441 31
9441 32
9441 33
9441 34
9441 35
9441 36
9441 37
9441 38
9441 39
9441 40
9441 41
9441 42
9441 43
9441 44
9441 45
9441 46
9441 47
9441 48
9441 49
9441 50
9441 51
9441 52
9441 53
9441 54
9442 0
9442 1
9442 2
9442 3
9442 4
9442 5
9442 6
9442 7
9442 8
9442 9
9442 10
9442 11
9442 12
9443 0
9443 1
9443 2
9443 3
9443 4
9443 5
9444 0
9444 1
9444 2
9444 3
9445 0
9445 1
9445 2
9445 3
9445 4
9445 5
9445 6
9445 7
9445 8
9445 9
9445 10
9445 11
9445 12
9445 13
9445 14
9445 15
9448 4
9448 5
9448 6
9448 7
9448 8
9448 9
9448 10
9448 11
9448 12
9448 13
9448 14
9448 15
9448 16
9448 17
9449 0
9449 1
9449 2
9449 3
9449 4
9449 5
9449 6
9449 7
9449 8
9449 9
9449 10
9449 11
9449 12
9449 13
9449 14
9449 15
9449 16
9449 17
9449 18
9449 19
9449 20
9449 21
9449 22
9449 23
9449 24
9449 25
9450 0
9450 1
9450 2
9450 3
9450 4
9450 5
9450 6
9450 7
9451 0
9451 1
9451 2
9451 3
9452 0
9452 1
9452 2
9452 3
9452 4
9452 5
9452 6
9452 7
9452 8
9452 9
9452 10
9452 11
9452 12
9452 13
9452 14
9452 15
9452 16
9452 17
9452 18
9452 19
9452 20
9452 21
9452 22
9452 23
9453 0
9453 1
9453 2
9453 3
9454 0
9454 1
9454 2
9454 3
9454 4
9454 5
9454 6
9454 7
9454 8
9454 9
9454 10
9454 11
9454 12
9454 13
9454 14
9454 15
9454 16
9454 17
9454 18
9454 19
9454 20
9454 21
9454 22
9454 23
9454 24
9454 25
9455 0
9455 1
9455 2
9455 3
9455 4
9455 5
9455 6
9455 7
9455 8
9455 9
9455 10
9455 11
9455 12
9455 13
9455 14
9455 15
9455 16
9455 17
9455 18
9456 0
9456 1
9456 2
9456 3
9456 4
9456 5
9456 6
9456 7
9456 8
9456 9
9456 10
9456 11
9457 0
9457 1
9457 2
9457 3
9457 4
9457 5
9457 6
9457 7
9457 8
9458 0
9458 1
9458 2
9458 3
9458 4
9458 5
9458 6
9458 7
9458 8
9458 9
9458 10
9458 11
9458 12
9458 13
9458 14
9458 15
9458 16
9458 17
9458 18
9458 19
9458 20
9458 21
9458 22
9458 23
9458 24
9458 25
9458 26
9458 27
9458 28
9458 29
9458 30
9458 31
9458 32
9458 33
9458 34
9458 35
9458 36
9458 37
9458 38
9458 39
9459 0
9459 1
9459 21
9459 22
9459 23
9459 24
9459 25
9460 0
9460 1
9460 2
9460 3
9460 4
9460 5
9460 6
9460 7
9460 8
9460 9
9460 10
9460 11
9460 12
9460 13
9460 14
9460 15
9460 16
9460 17
9460 18
9460 19
9460 20
9460 21
9460 22
9460 23
9460 24
9460 25
9460 26
9460 27
9460 28
9460 29
9460 30
9460 31
9460 32
9460 33
9460 34
9460 35
9460 36
9460 37
9460 38
9460 39
9460 40
9460 41
9460 42
9460 43
9460 44
9460 45
9460 46
9460 47
9460 48
9460 49
9460 50
9460 51
9460 52
9460 53
9460 54
9460 55
9460 56
9460 57
9460 58
9460 59
9460 60
9461 0
9461 1
9461 2
9461 3
9461 4
9461 5
9461 6
9461 7
9461 8
9461 9
9461 10
9461 11
9461 12
9461 13
9461 14
9461 15
9461 16
9461 17
9461 18
9461 19
9461 20
9461 21
9461 22
9461 23
9461 24
9461 25
9461 26
9461 27
9461 28
9461 29
9461 30
9461 31
9461 32
9461 33
9461 34
9461 35
9461 36
9461 37
9461 38
9461 39
9461 40
9461 41
9461 42
9461 43
9461 44
9461 45
9461 46
9461 47
9461 48
9461 49
9461 50
9461 51
9461 52
9461 53
9461 54
9461 55
9461 56
9461 57
9461 58
9461 59
9462 0
9462 1
9462 2
9462 3
9462 4
9462 5
9462 6
9462 7
9462 8
9462 9
9462 10
9462 11
9462 12
9462 13
9462 14
9462 15
9462 16
9462 17
9462 18
9462 19
9462 20
9462 21
9462 22
9462 23
9462 24
9462 25
9462 26
9462 27
9462 28
9462 29
9462 30
9462 31
9462 32
9462 33
9463 0
9463 1
9463 2
9463 3
9463 4
9463 5
9463 6
9463 7
9463 8
9463 9
9463 10
9463 11
9463 12
9463 13
9463 14
9463 15
9463 16
9463 17
9463 18
9463 19
9463 20
9463 21
9463 22
9463 23
9463 24
9463 25
9463 26
9463 27
9463 28
9463 29
9463 30
9463 31
9464 0
9465 0
9465 1
9465 2
9465 3
9465 4
9465 5
9465 6
9465 7
9465 8
9465 9
9465 10
9465 11
9466 0
9466 1
9466 2
9466 3
9466 4
9466 5
9466 6
9466 7
9467 0
9467 1
9467 2
9467 3
9467 4
9467 5
9467 6
9467 7
9467 8
9467 9
9467 10
9468 0
9468 1
9468 2
9468 3
9468 4
9468 5
9468 6
9468 7
9468 8
9468 9
9469 0
9469 1
9470 0
9470 1
9470 2
9470 3
9471 0
9471 1
9471 2
9471 3
9471 4
9471 5
9471 6
9471 7
9471 8
9471 9
9471 10
9472 7
9472 8
9472 9
9472 10
9472 11
9473 0
9473 1
9473 2
9473 3
9473 4
9473 5
9473 6
9473 7
9473 8
9473 9
9474 0
9474 1
9474 2
9474 3
9474 4
9474 5
9474 6
9474 7
9474 8
9474 9
9474 10
9474 11
9474 12
9474 13
9474 14
9475 0
9475 1
9475 2
9475 3
9475 4
9475 5
9475 6
9475 7
9475 8
9475 9
9475 10
9475 11
9475 12
9475 13
9475 14
9475 15
9475 16
9475 17
9475 18
9475 19
9475 20
9475 21
9475 22
9475 23
9475 24
9475 25
9475 26
9475 27
9475 28
9478 0
9579 7
9579 8
9579 9
9579 10
9579 11
9580 0
9580 1
9580 2
9580 3
9580 4
9580 5
9580 6
9580 7
9580 8
9580 9
9580 10
9580 11
9580 12
9580 13
9580 14
9580 15
9580 16
9580 17
9580 18
9581 0
9582 0
9582 1
9582 2
9582 3
9582 4
9582 5
9582 6
9582 7
9582 8
9582 9
9585 16
9585 17
9585 18
9585 19
9585 20
9585 21
9585 22
9585 23
9586 0
9586 1
9586 2
9586 3
9586 4
9586 5
9586 6
9586 7
9586 8
9586 9
9586 10
9586 11
9587 0
9587 1
9587 2
9587 3
9587 4
9587 5
9587 6
9587 7
9587 8
9587 9
9587 10
9587 11
9587 12
9587 13
9587 14
9587 15
9587 16
9587 17
9587 18
9587 19
9587 20
9587 21
9587 22
9587 23
9587 24
9587 25
9587 26
9587 27
9587 28
9587 29
9587 30
9587 31
9587 32
9587 33
9588 0
9588 1
9588 2
9588 3
9588 4
9588 5
9588 6
9588 7
9588 8
9588 9
9589 0
9589 1
9589 2
9589 3
9589 4
9589 5
9589 6
9589 7
9589 8
9589 9
9589 10
9589 11
9589 12
9589 13
9589 14
9589 15
9589 16
9589 17
9589 18
9589 19
9589 20
9589 21
9589 22
9589 23
9589 24
9589 25
9589 26
9590 0
9590 1
9590 2
9590 3
9590 4
9590 5
9590 6
9590 7
9590 8
9590 9
9590 10
9590 11
9590 12
9590 13
9590 14
9590 15
9590 16
9590 17
9591 0
9591 1
9591 2
9591 3
9591 4
9591 5
9591 6
9591 7
9591 8
9591 9
9591 10
9591 11
9591 12
9591 13
9591 14
9591 15
9592 0
9592 1
9592 2
9592 3
9592 4
9592 5
9592 6
9593 0
9593 1
9593 2
9594 0
9594 1
9594 2
9594 3
9594 4
9594 5
9594 6
9594 7
9594 8
9594 9
9594 10
9594 11
9594 12
9594 13
9594 14
9594 15
9597 0
9597 1
9597 2
9597 3
9597 4
9597 5
9597 10
9597 11
9597 12
9598 0
9598 1
9598 2
9598 3
9598 4
9598 5
9598 6
9598 7
9598 8
9598 9
9598 10
9598 11
9598 12
9598 13
9598 14
9598 15
9598 16
9598 17
9598 18
9598 19
9598 20
9598 21
9598 22
9598 23
9598 24
9598 25
9598 26
9598 27
9598 28
9606 5
9606 6
9606 7
9606 8
9607 0
9607 1
9607 2
9607 3
9607 4
9607 5
9607 6
9607 7
9607 8
9607 9
9607 10
9607 11
9607 12
9607 13
9607 14
9607 15
9607 16
9607 17
9607 18
9607 19
9607 20
9607 21
9607 22
9607 23
9607 24
9607 25
9607 26
9607 27
9607 28
9608 0
9608 1
9608 2
9608 3
9610 0
9610 1
9610 2
9610 3
9610 4
9610 5
9610 6
9610 7
9610 8
9610 9
9610 10
9610 11
9610 12
9610 13
9610 14
9610 15
9610 16
9611 0
9611 1
9611 2
9611 3
9613 0
9613 1
9613 2
9613 3
9613 4
9613 5
9613 6
9613 7
9613 8
9613 9
9613 10
9613 11
9613 12
9613 13
9613 14
9613 15
9613 16
9613 17
9613 18
9613 19
9613 20
9613 21
9613 22
9613 23
9613 24
9614 0
9614 1
9614 2
9614 3
9614 4
9614 5
9614 6
9614 7
9614 8
9614 9
9614 10
9614 11
9614 12
9614 13
9614 14
9614 15
9614 16
9614 17
9614 18
9614 19
9614 20
9614 21
9614 22
9614 23
9614 24
9614 25
9614 26
9614 27
9614 28
9614 29
9614 30
9614 31
9614 32
9614 33
9614 34
9614 35
9614 36
9614 37
9614 38
9614 39
9614 40
9614 41
9614 42
9614 43
9614 44
9614 45
9614 46
9615 0
9615 1
9616 0
9616 1
9616 2
9616 3
9616 4
9616 5
9616 6
9616 7
9616 8
9616 9
9616 10
9616 11
9616 12
9616 13
9616 14
9616 15
9616 16
9616 17
9616 18
9616 19
9616 20
9616 21
9616 22
9616 23
9617 0
9617 1
9617 2
9617 3
9617 4
9617 5
9617 6
9617 7
9617 8
9617 9
9617 10
9618 0
9618 1
9618 2
9618 3
9619 0
9619 1
9619 2
9619 3
9620 0
9620 1
9620 2
9620 3
9620 4
9620 5
9620 6
9620 7
9620 8
9620 9
9620 10
9620 11
9620 12
9620 13
9620 14
9620 15
9620 16
9620 17
9620 18
9620 19
9620 20
9620 21
9620 22
9620 23
9620 24
9620 25
9620 26
9620 27
9620 28
9620 29
9624 14
9624 15
9624 16
9624 17
9624 18
9624 19
9624 20
9624 21
9624 22
9624 23
9624 24
9624 25
9624 26
9624 27
9624 28
9624 29
9624 30
9624 31
9624 32
9624 33
9624 34
9624 35
9624 36
9624 37
9624 38
9624 39
9624 40
9624 41
9625 0
9625 1
9625 2
9643 30
9643 31
9643 32
9643 33
9643 34
9643 35
9643 36
9643 37
9643 38
9643 43
9643 44
9643 45
9643 46
9643 47
9643 48
9643 49
9643 50
9643 51
9643 52
9643 53
9643 54
9643 55
9643 56
9643 57
9643 58
9643 59
9643 60
9643 61
9643 62
9643 63
9643 64
9644 0
9644 1
9644 2
9644 3
9644 4
9644 5
9644 6
9644 7
9644 8
9644 9
9644 10
9644 11
9645 0
9645 1
9645 2
9645 3
9645 4
9645 5
9645 6
9645 7
9645 8
9645 9
9645 10
9645 11
9645 12
9645 13
9645 14
9645 15
9645 16
9645 17
9645 18
9646 0
9647 0
9647 1
9647 2
9647 3
9647 4
9647 5
9648 0
9649 0
9650 0
9651 0
9651 1
9651 2
9651 3
9651 4
9651 5
9652 0
9653 0
9653 1
9656 0
9656 1
9656 2
9656 3
9656 4
9656 5
9656 6
9656 7
9656 8
9656 9
9656 10
9656 11
9656 12
9656 13
9656 14
9656 15
9656 16
9656 17
9656 18
9656 19
9656 20
9656 21
9656 22
9656 23
9656 24
9656 25
9656 26
9656 27
9656 28
9656 29
9656 30
9656 31
9656 32
9656 33
9656 34
9656 35
9656 36
9656 37
9656 38
9656 39
9657 0
9657 1
9657 2
9657 3
9657 4
9657 5
9657 6
9657 7
9657 8
9657 9
9657 10
9657 11
9657 12
9657 13
9657 14
9657 15
9657 16
9657 17
9657 18
9657 19
9657 20
9657 21
9657 22
9657 23
9657 24
9657 25
9657 26
9657 27
9657 28
9657 29
9657 30
9657 31
9657 32
9657 33
9657 34
9657 35
9657 36
9657 37
9657 38
9657 39
9657 40
9657 41
9657 42
9657 43
9657 44
9657 45
9657 46
9657 47
9657 48
9657 49
9657 50
9657 51
9657 52
9657 53
9657 54
9657 55
9657 56
9657 57
9657 58
9657 59
9657 60
9657 61
9657 62
9657 63
9657 64
9657 65
9657 66
9657 67
9658 0
9658 1
9658 2
9658 3
9658 4
9658 5
9658 6
9658 7
9658 8
9659 1
9659 2
9659 3
9659 4
9659 5
9659 6
9659 7
9659 8
9659 9
9659 10
9659 11
9659 12
9659 13
9659 14
9659 15
9659 16
9659 17
9659 18
9659 19
9659 20
9659 21
9659 22
9659 23
9659 24
9659 25
9659 26
9659 27
9659 28
9659 29
9660 0
9660 1
9660 2
9660 3
9660 4
9660 16
9660 17
9660 18
9660 19
9660 20
9660 21
9660 22
9660 23
9660 24
9660 25
9660 26
9660 27
9660 28
9660 29
9660 30
9660 31
9660 32
9661 0
9661 1
9661 2
9661 3
9661 4
9661 5
9661 6
9661 7
9661 8
9661 9
9661 10
9661 11
9661 12
9661 13
9661 14
9661 15
9661 16
9661 17
9661 18
9661 19
9661 20
9661 21
9661 22
9661 23
9661 24
9661 25
9661 26
9661 27
9661 28
9661 29
9661 30
9661 31
9661 32
9661 33
9662 0
9662 1
9662 2
9662 3
9662 4
9662 5
9662 6
9662 7
9662 8
9662 9
9662 10
9662 11
9662 12
9662 13
9662 14
9662 15
9662 16
9662 17
9662 18
9662 19
9662 20
9662 21
9662 22
9662 23
9662 24
9662 25
9662 26
9662 27
9662 28
9662 29
9662 30
9662 31
9662 32
9662 36
9662 37
9662 38
9662 39
9675 2
9675 3
9675 4
9675 5
9675 6
9675 7
9675 8
9675 9
9675 10
9675 11
9675 12
9675 13
9675 14
9675 15
9675 16
9675 17
9675 18
9675 19
9675 20
9675 21
9675 22
9675 23
9675 24
9676 0
9676 1
9676 2
9676 3
9676 4
9676 5
9676 6
9676 7
9683 8
9683 9
9683 10
9683 11
9683 12
9683 13
9683 14
9683 15
9683 16
9683 17
9683 18
9683 19
9683 20
9683 21
9683 22
9683 23
9683 24
9683 25
9683 26
9684 0
9684 1
9684 2
9684 3
9684 4
9684 5
9684 6
9684 7
9684 8
9684 9
9684 10
9684 11
9684 12
9684 13
9684 14
9684 15
9684 16
9684 17
9684 18
9684 19
9684 20
9684 21
9684 22
9684 23
9684 24
9684 25
9684 26
9684 27
9684 28
9684 29
9684 30
9684 31
9685 0
9685 1
9685 2
9685 3
9685 4
9685 5
9685 6
9685 7
9685 8
9685 9
9686 0
9687 0
9688 0
9689 0
9690 0
9691 0
9692 0
9693 0
9694 0
9694 1
9694 2
9695 0
9696 0
9696 1
9696 2
9696 3
9697 0
9698 0
9698 1
9698 2
9698 3
9698 4
9698 5
9699 0
9699 1
9699 2
9699 3
9699 4
9699 5
9699 6
9699 7
9699 8
9699 9
9699 10
9699 11
9699 12
9699 13
9699 14
9699 15
9699 16
9699 17
9699 18
9699 19
9699 20
9699 21
9699 22
9699 23
9699 24
9699 25
9699 26
9700 0
9700 1
9700 2
9700 3
9700 4
9700 5
9700 6
9700 7
9700 8
9700 9
9700 10
9700 11
9700 12
9700 13
9700 14
9701 0
9701 1
9701 2
9701 3
9701 4
9701 5
9701 6
9701 7
9701 8
9701 9
9701 10
9701 11
9701 12
9706 0
9706 1
9706 2
9706 3
9706 4
9706 5
9706 6
9706 7
9706 8
9706 9
9706 10
9707 0
9707 1
9707 2
9707 3
9707 4
9707 5
9707 6
9707 7
9707 8
9707 9
9707 10
9707 11
9707 12
9707 13
9707 14
9707 15
9707 16
9707 17
9707 18
9707 19
9707 20
9707 21
9707 22
9707 23
9707 24
9707 25
9707 26
9707 27
9707 28
9707 29
9707 30
9707 31
9707 32
9707 33
9707 34
9707 35
9707 36
9707 37
9707 38
9707 39
9707 40
9707 41
9707 42
9707 43
9707 44
9707 45
9707 46
9707 47
9707 48
9707 49
9707 50
9707 51
9707 52
9707 53
9707 54
9707 55
9707 56
9707 57
9707 58
9707 59
9707 60
9707 61
9707 62
9708 0
9708 1
9708 2
9708 3
9708 4
9708 5
9708 6
9708 7
9708 8
9708 9
9708 10
9708 11
9708 12
9708 13
9708 14
9708 15
9708 16
9708 17
9708 18
9708 19
9708 20
9708 21
9708 22
9708 23
9708 24
9709 0
9709 1
9709 2
9709 3
9709 4
9709 5
9709 6
9709 7
9709 8
9709 9
9709 10
9709 11
9709 12
9709 13
9709 14
9709 15
9709 16
9709 17
9709 18
9709 19
9709 20
9709 21
9709 22
9709 23
9709 24
9709 25
9709 26
9709 27
9709 28
9709 29
9709 30
9709 31
9709 32
9709 33
9709 34
9709 35
9709 36
9709 37
9709 38
9709 39
9709 40
9709 41
9709 42
9709 43
9709 44
9709 45
9710 0
9710 1
9710 2
9710 3
9710 4
9710 5
9710 6
9710 7
9710 8
9710 9
9710 10
9710 11
9710 12
9710 13
9710 14
9710 15
9710 16
9710 17
9710 18
9710 19
9710 20
9710 21
9710 22
9710 23
9710 24
9710 25
9710 26
9710 27
9710 28
9710 29
9710 30
9710 31
9710 32
9710 33
9710 34
9710 35
9710 36
9710 37
9710 38
9710 39
9710 40
9710 41
9710 42
9710 43
9710 44
9710 45
9710 46
9714 14
9714 15
9714 16
9714 17
9714 18
9714 19
9714 20
9714 21
9714 22
9714 23
9714 24
9714 25
9714 26
9714 27
9714 28
9714 29
9714 30
9714 31
9714 32
9714 33
9714 34
9714 35
9714 36
9714 37
9714 38
9714 39
9714 40
9714 41
9714 42
9714 43
9714 44
9714 45
9714 46
9714 47
9714 48
9714 49
9714 50
9714 51
9714 52
9714 53
9714 54
9714 55
9714 56
9714 57
9714 58
9714 59
9714 60
9714 61
9714 62
9714 63
9714 64
9714 65
9714 66
9714 67
9714 68
9714 69
9714 70
9714 71
9714 72
9714 73
9714 74
9714 75
9714 76
9714 77
9714 78
9714 79
9714 80
9714 81
9714 82
9714 83
9714 84
9714 85
9714 86
9714 87
9714 88
9714 89
9714 90
9714 91
9714 92
9714 93
9714 94
9714 95
9714 96
9714 97
9714 98
9714 99
9714 100
9714 101
9714 102
9714 103
9714 104
9714 105
9714 106
9714 107
9714 108
9714 109
9714 110
9714 111
9714 112
9714 113
9714 114
9714 115
9714 116
9714 117
9714 118
9714 119
9714 120
9714 121
9714 122
9714 123
9714 124
9714 125
9714 126
9714 127
9714 128
9714 129
9714 130
9714 131
9714 132
9714 133
9714 134
9714 135
9714 136
9714 137
9714 138
9714 139
9714 140
9714 141
9714 142
9714 143
9714 144
9714 145
9714 146
9714 147
9714 148
9714 149
9714 150
9714 151
9714 152
9714 153
9714 154
9714 155
9714 156
9714 157
9714 158
9714 159
9714 160
9714 161
9714 162
9714 163
9714 164
9714 165
9714 166
9714 167
9714 168
9714 169
9714 170
9714 171
9714 172
9714 173
9714 174
9714 175
9714 176
9714 177
9715 0
9715 1
9715 2
9715 3
9715 4
9715 5
9715 6
9715 7
9715 8
9715 27
9715 28
9715 29
9715 30
9715 31
9715 32
9715 33
9715 34
9715 35
9715 36
9715 37
9715 38
9715 39
9715 40
9715 41
9715 42
9715 43
9715 44
9715 45
9715 46
9715 47
9715 48
9715 49
9715 50
9715 51
9715 52
9715 53
9715 54
9715 55
9715 56
9715 57
9715 58
9715 59
9715 60
9715 61
9715 62
9715 63
9715 64
9715 65
9715 66
9715 67
9715 68
9715 69
9715 70
9715 71
9715 72
9715 73
9715 74
9715 75
9715 76
9715 77
9715 78
9715 79
9715 80
9715 81
9715 82
9715 83
9715 84
9715 85
9715 86
9715 87
9715 88
9715 89
9715 90
9715 91
9715 92
9715 93
9715 94
9715 95
9715 96
9715 97
9715 98
9715 99
9715 100
9715 101
9715 102
9716 0
9716 1
9716 2
9716 3
9716 4
9716 5
9716 6
9716 7
9716 8
9716 9
9716 10
9716 11
9716 12
9716 13
9716 14
9716 15
9716 16
9716 17
9716 18
9716 19
9716 20
9716 21
9716 22
9716 23
9716 24
9716 25
9716 26
9716 27
9716 28
9716 29
9716 30
9717 0
9717 1
9717 2
9717 3
9717 4
9717 5
9717 6
9717 7
9717 8
9717 9
9717 10
9717 11
9717 12
9717 13
9717 14
9717 15
9717 16
9717 17
9717 18
9717 19
9717 20
9717 21
9717 22
9717 23
9717 24
9717 25
9717 26
9717 27
9717 28
9717 29
9717 30
9717 31
9717 32
9717 33
9717 34
9717 35
9717 36
9717 37
9717 38
9717 39
9717 40
9717 41
9717 42
9717 43
9717 44
9717 45
9717 46
9717 47
9717 48
9717 49
9717 50
9717 51
9717 52
9717 53
9717 54
9717 55
9717 56
9717 57
9717 58
9717 59
9717 60
9717 61
9717 62
9717 63
9717 64
9717 65
9717 66
9717 67
9717 68
9717 69
9717 70
9718 0
9718 1
9718 2
9718 3
9718 4
9718 5
9718 6
9718 7
9718 8
9719 0
9719 1
9719 2
9719 3
9719 4
9719 5
9719 6
9719 7
9719 8
9719 9
9719 10
9719 11
9719 12
9719 13
9719 14
9719 15
9719 16
9719 17
9719 18
9719 19
9719 20
9719 21
9719 22
9719 23
9719 24
9720 0
9720 1
9720 2
9720 3
9720 4
9720 5
9720 6
9720 7
9720 8
9720 9
9720 10
9720 11
9720 12
9720 13
9720 14
9720 15
9720 16
9720 17
9720 18
9720 19
9720 20
9720 21
9720 22
9720 23
9720 24
9720 25
9720 26
9720 27
9720 28
9720 29
9720 30
9720 31
9720 32
9720 33
9720 34
9720 35
9720 36
9720 37
9720 38
9720 39
9720 40
9720 41
9720 42
9720 43
9720 44
9721 0
9721 1
9721 2
9721 3
9721 4
9721 5
9721 6
9721 7
9721 8
9721 9
9721 10
9721 11
9721 12
9721 13
9721 14
9721 15
9721 16
9721 17
9721 18
9721 19
9721 20
9721 21
9721 22
9721 23
9721 24
9721 25
9721 26
9721 27
9721 28
9721 29
9721 30
9721 31
9721 32
9721 33
9721 34
9721 35
9721 36
9721 37
9721 38
9721 39
9721 40
9721 41
9721 42
9721 43
9721 44
9721 45
9721 46
9721 47
9721 48
9721 49
9721 50
9721 51
9721 52
9721 53
9721 54
9721 55
9721 56
9721 57
9721 58
9721 59
9721 60
9721 61
9721 62
9721 63
9721 64
9721 65
9721 66
9721 67
9721 68
9721 69
9721 70
9721 71
9721 72
9789 8
9789 9
9789 10
9789 11
9789 12
9789 13
9789 14
9789 15
9789 16
9789 17
9789 18
9789 19
9789 20
9789 21
9789 22
9789 23
9789 24
9789 25
9789 26
9789 27
9789 28
9789 29
9789 30
9789 31
9789 32
9789 33
9789 34
9789 35
9789 36
9789 37
9789 38
9789 39
9789 40
9789 41
9789 42
9789 43
9789 44
9789 45
9789 46
9789 47
9789 48
9790 97
9790 98
9790 99
9790 100
9790 101
9790 102
9790 103
9790 104
9790 105
9790 106
9790 107
9790 108
9790 109
9790 110
9790 111
9790 112
9790 113
9791 0
9791 1
9791 2
9791 3
9791 4
9791 5
9791 6
9791 7
9791 8
9791 9
9791 10
9791 11
9791 12
9791 13
9791 14
9791 15
9791 16
9791 17
9791 18
9791 19
9791 20
9791 21
9791 22
9791 23
9791 24
9791 25
9791 26
9791 27
9791 28
9791 29
9791 30
9791 31
9791 32
9791 33
9791 34
9791 35
9791 36
9793 0
9793 1
9793 2
9793 3
9793 4
9793 5
9793 6
9793 7
9793 8
9793 9
9793 10
9793 11
9793 12
9793 13
9793 14
9793 15
9793 16
9793 17
9793 18
9793 19
9793 20
9793 21
9793 22
9793 23
9793 24
9793 25
9793 26
9793 27
9793 28
9793 29
9793 30
9793 31
9793 32
9793 33
9793 34
9793 35
9793 36
9793 37
9793 38
9793 39
9793 40
9793 41
9793 42
9793 43
9793 44
9793 45
9793 46
9793 47
9793 48
9793 49
9793 50
9793 51
9793 52
9793 53
9793 54
9793 55
9793 56
9793 57
9793 58
9793 59
9793 60
9793 61
9793 62
9793 63
9793 64
9793 65
9793 66
9793 67
9793 68
9793 69
9793 70
9793 71
9793 72
9793 73
9793 74
9793 75
9793 76
9793 77
9793 78
9793 79
9793 80
9793 81
9793 82
9793 83
9793 84
9793 85
9793 86
9793 87
9793 88
9793 89
9793 90
9793 91
9793 92
9794 0
9794 1
9794 2
9794 3
9794 4
9794 5
9794 6
9794 7
9794 8
9794 9
9794 10
9794 11
9794 12
9794 13
9794 14
9794 15
9795 0
9795 1
9795 2
9795 3
9795 4
9795 5
9795 6
9795 7
9795 8
9795 9
9795 10
9795 11
9795 12
9795 13
9795 14
9795 15
9795 16
9795 17
9795 18
9795 19
9796 0
9796 1
9796 2
9796 3
9796 4
9796 5
9796 6
9796 7
9796 8
9796 9
9796 10
9796 11
9797 0
9797 1
9797 2
9797 3
9797 4
9797 5
9797 6
9797 7
9797 8
9797 9
9797 10
9797 11
9797 12
