8309 0
8310 0
8310 1
8310 2
8310 3
8310 4
8310 5
8310 6
8310 7
8310 8
8310 9
8310 10
8310 11
8310 12
8310 13
8310 14
8310 15
8310 16
8310 17
8310 18
8310 19
8310 20
8310 21
8310 22
8310 23
8310 24
8310 25
8310 26
8310 27
8310 28
8310 29
8310 30
8310 31
8310 32
8310 33
8310 34
8310 35
8310 36
8310 37
8310 38
8310 39
8310 40
8310 41
8310 42
8310 43
8310 44
8310 45
8310 46
8310 47
8310 48
8310 49
8310 50
8310 51
8310 52
8310 53
8310 54
8310 55
8310 56
8310 57
8310 58
8310 59
8310 60
8310 61
8310 62
8310 63
8310 64
8310 65
8310 66
8310 67
8310 68
8310 69
8310 70
8310 71
8310 72
8310 73
8310 74
8310 75
8310 76
8310 77
8310 78
8310 79
8310 80
8310 81
8310 82
8310 83
8310 84
8310 85
8310 86
8310 87
8310 88
8310 89
8310 90
8310 91
8310 92
8310 93
8310 94
8310 95
8310 96
8310 97
8310 98
8310 99
8310 100
8310 101
8310 102
8310 103
8310 104
8310 105
8310 106
8310 107
8310 108
8310 109
8310 110
8310 111
8310 112
8310 113
8310 114
8310 115
8310 116
8310 117
8310 118
8310 119
8310 120
8310 121
8310 122
8310 123
8310 124
8310 125
8310 126
8310 127
8310 128
8310 129
8310 130
8310 131
8310 132
8310 133
8310 134
8310 135
8310 136
8310 137
8310 138
8310 139
8310 140
8310 141
8310 142
8310 143
8310 144
8310 145
8310 146
8310 147
8310 148
8310 149
8310 150
8310 151
8310 152
8310 153
8310 154
8310 155
8310 156
8310 157
8310 158
8310 159
8310 160
8310 161
8310 162
8310 163
8310 164
8310 165
8310 166
8310 167
8310 168
8310 169
8310 170
8310 171
8310 172
8310 173
8310 174
8310 175
8310 176
8310 177
8310 178
8310 179
8310 180
8310 181
8310 182
8310 183
8310 184
8310 185
8310 186
8310 187
8310 188
8310 189
8310 190
8310 191
8310 192
8310 193
8310 194
8310 195
8310 196
8310 197
8310 198
8310 199
8310 200
8310 201
8310 202
8310 203
8310 204
8310 205
8310 206
8310 207
8310 208
8310 209
8310 210
8310 211
8310 212
8310 213
8311 0
8311 1
8311 2
8311 3
8311 4
8311 5
8311 6
8311 7
8311 8
8311 9
8311 10
8311 11
8311 12
8311 13
8311 14
8311 15
8311 16
8311 17
8311 18
8311 19
8311 20
8311 21
8311 22
8311 23
8311 24
8311 25
8311 26
8311 27
8311 28
8311 29
8311 30
8311 31
8311 32
8311 33
8311 34
8311 35
8311 36
8311 37
8311 38
8311 39
8311 40
8311 41
8311 42
8311 43
8311 44
8311 45
8311 46
8311 47
8311 48
8311 49
8311 50
8311 51
8311 52
8311 53
8311 54
8311 55
8311 56
8311 57
8311 58
8311 59
8311 60
8311 61
8311 62
8311 63
8311 64
8311 65
8311 66
8311 67
8311 68
8311 69
8311 70
8311 71
8311 72
8311 73
8311 74
8311 75
8311 76
8311 77
8311 78
8311 79
8311 80
8311 81
8311 82
8311 83
8311 84
8311 85
8311 86
8311 87
8311 88
8311 89
8311 90
8311 91
8311 92
8311 93
8311 94
8311 95
8311 96
8311 97
8311 98
8311 99
8311 100
8311 101
8311 102
8311 103
8311 104
8311 105
8311 106
8311 107
8311 108
8311 109
8311 110
8311 111
8311 112
8311 113
8311 114
8311 115
8311 116
8311 117
8311 118
8311 119
8311 120
8311 121
8311 122
8311 123
8311 124
8311 125
8311 126
8311 127
8311 128
8311 129
8311 130
8311 131
8311 132
8311 133
8311 134
8311 135
8311 136
8311 137
8311 138
8311 139
8311 140
8311 141
8311 142
8311 143
8311 144
8311 145
8311 146
8311 147
8311 148
8311 149
8311 150
8311 151
8311 152
8311 153
8311 154
8311 155
8311 156
8311 157
8311 158
8311 159
8311 160
8311 161
8311 162
8311 163
8311 164
8311 165
8311 166
8311 167
8311 168
8311 169
8311 170
8311 171
8311 172
8311 173
8311 174
8311 175
8311 176
8311 177
8311 178
8311 179
8311 180
8311 181
8311 182
8311 183
8311 184
8311 185
8311 186
8311 187
8311 188
8311 189
8311 190
8311 191
8311 192
8311 193
8311 194
8311 195
8311 196
8311 197
8311 198
8311 199
8311 200
8311 201
8311 202
8311 203
8311 204
8311 205
8311 206
8311 207
8311 208
8311 209
8311 210
8311 211
8311 212
8311 213
8312 0
8316 0
8316 1
8316 2
8316 3
8316 4
8316 5
8316 6
8316 7
8316 8
8316 9
8316 10
8316 11
8316 12
8317 0
8317 1
8317 2
8325 0
8326 0
8326 1
8327 0
8328 0
8330 0
8330 1
8330 2
8330 3
8330 4
8330 5
8330 6
8330 7
8330 8
8330 9
8330 10
8330 11
8330 12
8330 13
8330 14
8330 15
8330 16
8330 17
8330 18
8330 19
8330 20
8330 21
8330 22
8330 23
8330 24
8330 25
8330 26
8330 27
8330 28
8330 29
8330 30
8330 31
8330 32
8330 33
8330 34
8330 35
8330 36
8330 37
8330 38
8330 39
8330 40
8330 41
8330 42
8330 43
8330 44
8330 45
8330 46
8330 47
8330 48
8330 49
8330 50
8330 51
8330 52
8330 53
8330 54
8330 55
8330 56
8330 57
8330 58
8330 59
8330 60
8330 61
8330 62
8330 63
8330 64
8330 65
8330 66
8330 67
8330 68
8330 69
8330 70
8330 71
8331 0
8331 1
8331 2
8331 3
8331 4
8331 5
8331 6
8331 7
8331 8
8331 9
8331 10
8331 11
8331 12
8331 13
8331 14
8331 15
8331 16
8331 17
8331 18
8331 19
8331 20
8331 21
8331 22
8331 23
8331 24
8331 25
8331 26
8331 27
8331 28
8331 29
8331 30
8331 31
8331 32
8331 33
8331 34
8331 35
8331 36
8331 37
8331 38
8331 39
8331 40
8331 41
8331 42
8331 43
8331 44
8331 45
8331 46
8331 47
8331 48
8331 49
8331 50
8331 51
8331 52
8331 53
8331 54
8331 55
8331 56
8331 57
8331 58
8331 59
8331 60
8331 61
8331 62
8331 63
8331 64
8331 65
8331 66
8331 67
8331 68
8331 69
8331 70
8331 71
8331 72
8331 73
8331 74
8331 75
8331 76
8331 77
8331 78
8331 79
8331 80
8331 81
8331 82
8331 83
8331 84
8331 85
8331 86
8331 87
8331 88
8331 89
8331 90
8331 91
8331 92
8331 93
8331 94
8331 95
8331 96
8331 97
8331 98
8331 99
8331 100
8331 101
8331 102
8331 103
8331 104
8331 105
8331 106
8331 107
8331 108
8331 109
8331 110
8331 111
8331 112
8331 113
8331 114
8331 115
8331 116
8331 117
8331 118
8331 119
8331 120
8331 121
8331 122
8331 123
8331 124
8331 125
8331 126
8331 127
8331 128
8331 129
8331 130
8331 131
8331 132
8331 133
8331 134
8331 135
8331 136
8331 137
8331 138
8332 0
8337 0
8337 1
8337 2
8337 3
8337 4
8337 5
8337 6
8337 7
8337 8
8337 9
8337 10
8337 11
8337 12
8337 13
8337 14
8337 15
8337 16
8337 17
8337 18
8337 19
8337 20
8337 21
8337 22
8337 23
8337 24
8337 25
8337 26
8337 27
8337 28
8337 29
8337 30
8337 31
8337 32
8337 33
8337 34
8337 35
8337 36
8337 37
8337 38
8338 0
8338 1
8338 2
8338 3
8338 4
8338 5
8338 6
8338 7
8338 8
8338 9
8338 10
8338 11
8338 12
8338 13
8338 14
8338 15
8338 16
8338 17
8338 18
8338 19
8338 20
8338 21
8338 22
8338 23
8338 24
8338 25
8338 26
8338 27
8338 28
8338 29
8338 30
8338 31
8338 32
8338 33
8338 34
8338 35
8338 36
8338 37
8338 38
8338 39
8338 40
8338 41
8338 42
8338 43
8338 44
8338 45
8338 46
8338 47
8338 48
8338 49
8338 50
8338 51
8338 52
8338 53
8338 54
8338 55
8338 56
8339 0
8340 0
8341 0
8342 0
8347 0
8347 1
8347 2
8347 3
8347 4
8347 5
8347 6
8347 7
8347 8
8347 9
8347 10
8347 11
8347 12
8347 13
8347 14
8347 15
8347 16
8347 17
8347 18
8347 19
8347 20
8347 21
8347 22
8347 23
8349 0
8349 1
8349 2
8349 3
8349 4
8349 5
8349 6
8349 7
8349 8
8349 9
8349 10
8349 11
8349 12
8349 13
8349 14
8349 15
8349 16
8349 17
8349 18
8349 19
8349 20
8349 21
8349 22
8349 23
8349 24
8349 25
8349 26
8349 27
8349 28
8349 29
8349 30
8349 31
8349 32
8349 33
8349 34
8349 35
8349 36
8349 37
8349 38
8349 39
8349 40
8349 41
8349 42
8349 43
8349 44
8349 45
8349 46
8349 47
8349 48
8349 49
8349 50
8349 51
8349 52
8349 53
8349 54
8349 55
8349 56
8349 57
8349 58
8349 59
8349 60
8349 61
8349 62
8349 63
8349 64
8349 65
8349 66
8349 67
8349 68
8349 69
8349 70
8349 71
8349 72
8349 73
8349 74
8349 75
8349 76
8349 77
8349 78
8349 79
8349 80
8350 0
8350 1
8350 2
8350 3
8350 4
8350 5
8350 6
8350 7
8350 8
8350 9
8350 10
8350 11
8350 12
8350 13
8350 14
8350 15
8350 16
8350 17
8350 18
8350 19
8350 20
8350 21
8350 22
8350 23
8350 24
8350 25
8350 26
8350 27
8350 28
8350 29
8350 30
8350 31
8350 32
8350 33
8351 0
8351 1
8351 2
8351 3
8351 4
8351 5
8351 6
8351 7
8351 8
8352 0
8352 1
8352 2
8352 3
8352 4
8352 5
8352 6
8352 7
8352 8
8352 9
8352 10
8352 11
8352 12
8352 13
8352 14
8352 15
8352 16
8352 17
8352 18
8352 19
8352 20
8352 21
8352 22
8352 23
8352 24
8352 25
8352 26
8352 27
8352 28
8352 29
8352 30
8352 31
8352 32
8352 33
8352 34
8352 35
8352 36
8352 37
8352 38
8352 39
8352 40
8352 41
8352 42
8352 43
8352 44
8352 45
8352 46
8352 47
8352 48
8352 49
8352 50
8352 51
8352 52
8352 53
8352 54
8352 55
8352 56
8352 57
8352 58
8352 59
8352 60
8352 61
8352 62
8352 63
8352 64
8352 65
8352 66
8352 67
8352 68
8352 69
8352 70
8352 71
8352 72
8352 73
8352 74
8352 75
8352 76
8352 77
8352 78
8352 79
8352 80
8352 81
8352 82
8352 83
8352 84
8352 85
8352 86
8352 87
8352 88
8352 89
8352 90
8352 91
8352 92
8352 93
8352 94
8352 95
8352 96
8352 97
8352 98
8352 99
8352 100
8352 101
8352 102
8352 103
8352 104
8352 105
8352 106
8352 107
8352 108
8352 109
8352 110
8352 111
8352 112
8352 113
8352 114
8352 115
8352 116
8352 117
8352 118
8352 119
8352 120
8352 121
8352 122
8352 123
8355 0
8355 1
8355 2
8355 3
8355 4
8355 5
8356 0
8356 1
8356 2
8356 3
8356 4
8356 5
8356 6
8356 7
8356 8
8356 9
8356 10
8356 11
8356 12
8356 13
8356 14
8356 15
8356 16
8356 17
8356 18
8356 19
8356 20
8356 21
8356 22
8356 23
8356 24
8356 25
8356 26
8356 27
8356 28
8356 29
8356 30
8356 31
8356 32
8356 33
8356 34
8356 35
8356 36
8356 37
8356 38
8356 39
8356 40
8356 41
8356 42
8356 43
8356 44
8356 45
8356 46
8356 47
8356 48
8356 49
8356 50
8356 51
8356 52
8356 53
8356 54
8356 55
8356 56
8356 57
8356 58
8356 59
8356 60
8356 61
8356 62
8356 63
8356 64
8356 65
8356 66
8356 67
8356 68
8356 69
8363 0
8364 0
8364 1
8364 2
8364 3
8364 4
8365 0
8366 0
8374 0
8375 0
8375 1
8375 2
8376 0
8377 0
8378 0
8383 0
8383 1
8383 2
8383 3
8383 4
8383 5
8383 6
8383 7
8383 8
8383 9
8383 10
8383 11
8383 12
8383 13
8383 14
8383 15
8383 16
8383 17
8383 18
8383 19
8383 20
8383 21
8383 22
8383 23
8383 24
8383 25
8383 26
8383 27
8383 28
8383 29
8383 30
8383 31
8383 32
8383 33
8383 34
8383 35
8383 36
8383 37
8383 38
8383 39
8383 40
8383 41
8383 42
8383 43
8383 44
8383 45
8383 46
8383 47
8383 48
8383 49
8383 50
8383 51
8383 52
8383 53
8383 54
8383 55
8383 56
8383 57
8383 58
8383 59
8383 60
8383 61
8384 0
8385 0
8385 1
8385 2
8385 3
8386 0
8386 1
8386 2
8386 3
8386 4
8386 5
8386 6
8386 7
8386 8
8386 9
8387 0
8387 1
8387 2
8387 3
8387 4
8387 5
8388 0
8388 1
8389 0
8389 1
8389 2
8389 3
8389 4
8389 5
8389 6
8389 7
8389 8
8389 9
8389 10
8389 11
8389 12
8389 13
8389 14
8389 15
8389 21
8389 22
8389 23
8389 24
8389 25
8389 26
8389 27
8389 28
8389 29
8389 30
8389 31
8389 32
8389 33
8389 50
8389 51
8389 63
8389 64
8389 65
8389 66
8390 0
8391 0
8392 0
8392 1
8392 2
8392 3
8392 4
8392 5
8392 6
8392 7
8392 8
8392 9
8392 10
8392 11
8392 12
8393 0
8393 1
8393 2
8393 3
8393 4
8393 5
8393 6
8393 7
8393 8
8393 9
8393 10
8393 11
8393 12
8393 13
8393 14
8393 15
8393 16
8393 17
8393 18
8393 19
8393 20
8393 21
8393 22
8393 23
8393 24
8393 25
8393 26
8393 27
8393 44
8393 45
8393 46
8393 47
8393 48
8393 49
8393 50
8395 40
8395 41
8395 42
8395 43
8395 44
8395 45
8395 46
8395 47
8395 48
8395 49
8395 50
8395 51
8395 52
8395 53
8395 54
8395 55
8395 56
8395 57
8395 58
8395 59
8395 60
8395 61
8395 62
8395 63
8395 64
8395 65
8395 66
8395 67
8395 68
8395 69
8395 70
8395 71
8395 72
8395 73
8395 74
8395 75
8395 76
8395 77
8395 78
8395 79
8395 80
8395 81
8396 0
8396 75
8396 76
8396 77
8396 78
8396 79
8396 80
8396 81
8396 82
8396 83
8396 84
8396 85
8396 195
8396 196
8396 197
8396 198
8396 199
8396 200
8396 201
8396 202
8396 203
8396 204
8396 205
8396 206
8396 207
8396 208
8397 0
8397 1
8397 2
8397 3
8397 4
8398 0
8398 1
8398 2
8399 0
8399 1
8399 2
8399 3
8399 4
8399 5
8399 6
8399 7
8402 0
8402 1
8402 2
8402 3
8402 4
8402 5
8402 6
8402 7
8402 8
8402 9
8402 10
8402 11
8402 12
8402 13
8402 14
8402 15
8402 16
8402 17
8402 18
8402 19
8402 20
8402 21
8402 22
8402 23
8402 24
8402 25
8404 2
8404 3
8404 4
8404 5
8404 6
8404 7
8404 8
8404 9
8404 10
8404 11
8404 12
8404 13
8404 14
8404 15
8404 16
8404 17
8404 18
8404 19
8404 20
8404 21
8404 22
8404 23
8404 24
8404 25
8404 26
8404 27
8404 28
8404 29
8404 30
8404 31
8404 32
8404 33
8404 34
8404 35
8404 36
8404 37
8405 0
8405 1
8405 2
8405 3
8405 4
8405 5
8405 6
8405 7
8405 8
8405 9
8405 10
8405 11
8405 12
8405 13
8405 14
8405 15
8405 16
8405 17
8405 18
8405 19
8405 20
8405 21
8405 22
8405 23
8405 24
8405 25
8405 26
8405 27
8405 28
8409 0
8409 1
8411 0
8411 1
8411 2
8411 3
8411 4
8411 5
8411 6
8411 7
8411 8
8411 9
8411 10
8411 11
8411 12
8411 13
8411 14
8411 15
8411 16
8411 17
8411 18
8411 19
8411 20
8411 21
8411 22
8411 23
8411 24
8411 25
8411 26
8411 27
8411 28
8411 29
8411 30
8411 31
8411 32
8411 33
8411 34
8411 35
8411 36
8411 37
8411 38
8411 39
8411 40
8411 41
8411 42
8411 43
8411 44
8411 45
8412 0
8412 1
8412 2
8412 3
8412 4
8412 5
8412 6
8412 7
8413 0
8413 1
8413 2
8413 3
8413 4
8413 5
8413 6
8414 0
8414 1
8414 2
8414 3
8414 4
8414 5
8414 6
8414 7
8414 8
8414 9
8414 10
8414 11
8414 12
8414 13
8414 14
8414 15
8414 16
8414 17
8414 18
8414 19
8414 20
8414 21
8414 22
8414 23
8414 24
8414 25
8426 20
8440 20
8440 21
8440 22
8440 23
8440 24
8440 25
8440 26
8440 27
8440 28
8440 29
8440 30
8441 0
8441 1
8441 2
8441 3
8441 4
8442 0
8442 1
8442 2
8442 3
8443 0
8443 1
8444 0
8444 1
8444 2
8444 3
8444 4
8444 5
8444 6
8444 7
8444 8
8444 9
8444 10
8444 11
8444 12
8444 13
8444 14
8444 15
8444 16
8445 0
8445 1
8445 2
8446 0
8447 0
8448 0
8448 1
8448 2
8448 3
8448 4
8448 5
8448 6
8448 7
8448 8
8448 9
8448 10
8448 11
8448 12
8448 13
8448 14
8448 15
8448 16
8448 17
8448 18
8448 19
8448 20
8448 21
8448 22
8448 23
8448 24
8448 25
8448 26
8448 27
8448 28
8448 29
8448 30
8448 31
8448 32
8448 33
8448 34
8448 35
8448 36
8448 37
8448 38
8448 39
8448 40
8448 41
8448 42
8448 43
8448 44
8448 45
8448 46
8449 0
8449 1
8449 2
8449 3
8449 4
8449 5
8449 6
8449 7
8449 8
8449 9
8449 10
8449 11
8449 12
8449 13
8449 14
8449 15
8449 16
8449 17
8449 18
8449 19
8449 20
8449 21
8449 22
8449 23
8449 24
8449 25
8449 26
8449 27
8449 28
8449 29
8449 30
8450 0
8450 1
8450 2
8450 3
8450 4
8450 5
8450 6
8450 7
8453 0
8453 1
8453 2
8454 0
8455 0
8455 1
8455 2
8456 0
8456 1
8462 0
8462 1
8462 2
8462 3
8463 0
8463 1
8463 2
8463 3
8463 4
8472 1
8473 0
8473 1
8480 0
8480 1
8480 2
8480 3
8481 0
8481 1
8481 2
8481 3
8481 4
8481 5
8481 6
8481 7
8482 0
8482 1
8482 2
8482 3
8482 4
8482 5
8482 6
8482 7
8482 8
8482 9
8482 10
8482 11
8482 12
8482 13
8482 14
8482 15
8482 16
8482 17
8482 18
8482 19
8482 20
8482 21
8482 22
8482 23
8482 24
8482 25
8482 26
8482 27
8482 28
8482 29
8484 0
8484 1
8484 2
8484 3
8484 4
8484 5
8484 6
8484 7
8484 8
8484 9
8484 10
8484 11
8484 12
8484 13
8484 14
8484 15
8484 16
8484 17
8484 18
8484 19
8484 20
8484 21
8485 0
8485 1
8485 2
8485 3
8485 4
8485 5
8485 6
8485 7
8485 8
8485 9
8485 10
8485 11
8485 12
8485 13
8485 14
8485 15
8485 16
8485 17
8485 18
8485 19
8485 20
8485 21
8485 22
8485 23
8485 24
8485 25
8485 26
8485 27
8485 28
8485 29
8485 30
8486 0
8486 1
8486 2
8520 40
8523 0
8523 1
8523 2
8523 3
8523 4
8523 5
8523 6
8523 7
8523 8
8523 9
8523 10
8523 11
8523 12
8523 13
8523 14
8523 15
8523 16
8523 17
8523 18
8524 0
8524 1
8524 2
8525 0
8525 1
8525 2
8525 3
8525 4
8525 5
8525 6
8525 7
8525 8
8525 9
8525 10
8525 11
8525 12
8525 13
8525 14
8525 15
8525 16
8525 17
8526 0
8527 0
8528 0
8528 1
8529 0
8529 1
8529 2
8529 3
8529 4
8529 5
8529 6
8529 7
8529 8
8529 9
8529 10
8529 11
8529 12
8529 13
8529 14
8529 15
8529 16
8529 17
8530 0
8530 1
8530 2
8530 3
8530 4
8530 5
8530 6
8530 7
8530 8
8530 9
8530 10
8530 11
8530 12
8530 13
8530 14
8530 15
8530 16
8530 17
8530 18
8530 19
8530 20
8530 21
8530 22
8530 23
8530 24
8530 25
8530 26
8530 27
8530 28
8530 29
8530 30
8530 31
8530 32
8530 33
8530 34
8530 35
8530 36
8530 37
8530 38
8530 39
8530 40
8530 41
8530 42
8530 43
8530 44
8530 45
8530 46
8530 47
8530 48
8530 49
8530 50
8530 51
8530 52
8530 53
8530 54
8530 55
8530 56
8530 57
8530 58
8530 59
8531 0
8532 0
8532 1
8532 2
8532 3
8532 4
8533 0
8533 1
8533 2
8533 3
8533 4
8534 0
8534 1
8535 0
8535 1
8536 0
8536 1
8537 0
8538 0
8538 1
8538 3
8538 4
8538 5
8538 6
8538 7
8538 8
8539 0
8540 0
8541 0
8543 0
8543 1
8543 2
8543 3
8543 4
8543 5
8543 6
8543 7
8543 8
8544 0
8544 1
8544 2
8544 3
8544 4
8544 5
8544 6
8544 7
8544 8
8544 9
8544 10
8544 11
8544 12
8545 0
8545 1
8545 2
8545 3
8545 4
8545 5
8545 6
8545 7
8548 0
8548 1
8549 0
8549 1
8549 2
8549 3
8549 4
8549 5
8549 6
8549 7
8549 8
8549 9
8549 10
8549 11
8550 0
8550 1
8550 2
8552 105
8552 106
8552 107
8552 108
8553 0
8553 1
8554 0
8555 0
8555 1
8555 2
8555 3
8555 4
8558 0
8558 1
8558 2
8559 0
8560 0
8560 1
8560 2
8560 3
8561 0
8561 1
8561 2
8561 3
8561 4
8561 5
8561 6
8561 7
8561 8
8561 9
8561 10
8562 0
8562 1
8562 2
8562 3
8562 4
8563 39
8563 40
8563 41
8563 42
8570 8
8570 9
8570 10
8570 11
8570 12
8570 13
8570 14
8570 38
8570 39
8570 40
8570 41
8570 42
8570 43
8570 75
8570 76
8585 0
8585 1
8585 2
8585 3
8585 4
8585 5
8585 6
8585 7
8585 8
8585 9
8585 10
8585 11
8585 66
8585 67
8585 68
8585 69
8585 70
8585 71
8585 72
8585 73
8585 74
8585 75
8585 76
8585 77
8585 78
8585 79
8585 80
8588 0
8589 0
8589 1
8589 2
8589 3
8589 18
8589 19
8589 20
8589 21
8589 22
8589 23
8605 0
8606 0
8606 1
8606 2
8610 0
8610 1
8610 2
8610 3
8613 21
8613 22
8613 23
8613 24
8613 25
8613 26
8613 27
8613 28
8613 29
8613 30
8613 31
8613 32
8613 33
8613 34
8613 35
8613 36
8613 37
8629 10
8631 0
8631 1
8634 0
8634 1
8634 2
8634 3
8634 4
8634 5
8634 6
8634 7
8634 8
8634 9
8634 10
8637 132
8637 133
8637 134
8637 135
8637 136
8637 137
8637 138
8637 139
8637 140
8637 141
8637 142
8637 143
8637 144
8637 145
8637 146
8637 147
8637 148
8637 149
8637 150
8637 151
8637 152
8637 153
8637 154
8637 155
8637 156
8637 157
8637 158
8637 159
8637 160
8637 161
8637 162
8637 163
8637 164
8637 165
8637 166
8637 167
8637 168
8637 169
8637 170
8638 0
8639 0
8639 1
8639 2
8639 3
8639 4
8639 5
8639 6
8639 7
8642 0
8642 1
8642 2
8642 3
8642 4
8642 5
8642 6
8642 7
8642 8
8642 9
8642 10
8642 11
8642 12
8642 13
8642 14
8642 15
8642 16
8642 17
8642 18
8642 19
8642 20
8642 21
8642 22
8642 23
8642 24
8649 0
8649 1
8649 2
8649 3
8649 4
8649 5
8649 6
8649 7
8649 8
8649 9
8649 10
8649 11
8649 12
8652 0
8653 0
8654 0
8655 0
8656 0
8657 0
8658 0
8659 0
8661 0
8662 0
8663 0
8664 0
8665 0
8665 1
8665 2
8666 84
8666 85
8666 86
8666 87
8666 88
8666 89
8668 10
8668 11
8668 12
8668 13
8668 14
8668 15
8668 16
8668 17
8668 18
8668 19
8668 20
8668 21
8668 22
8668 23
8668 24
8668 25
8668 26
8669 0
8669 1
8669 2
8669 3
8669 4
8669 5
8669 6
8669 7
8669 8
8669 9
8669 10
8669 11
8669 12
8669 13
8669 14
8669 15
8669 16
8669 17
8669 18
8669 19
8669 20
8669 21
8669 22
8669 23
8669 24
8669 25
8669 26
8669 27
8669 28
8669 29
8669 30
8669 31
8669 32
8669 33
8669 34
8669 35
8669 36
8669 37
8669 38
8669 39
8669 40
8669 41
8669 42
8669 43
8669 44
8669 45
8669 46
8669 47
8669 48
8669 49
8669 50
8669 51
8669 52
8669 53
8669 54
8669 55
8669 56
8669 57
8669 58
8669 59
8669 60
8669 61
8669 62
8669 63
8669 64
8669 65
8675 37
8675 38
8675 39
8675 40
8676 0
8676 1
8676 2
8676 3
8676 4
8676 5
8680 0
8680 1
8680 2
8680 3
8680 4
8680 5
8680 6
8680 7
8680 8
8680 9
8680 10
8680 11
8680 39
8680 40
8680 41
8680 42
8680 43
8680 44
8680 45
8680 46
8680 47
8680 48
8680 49
8680 50
8680 67
8680 68
8680 69
8680 70
8680 71
8680 72
8681 44
8681 45
8681 46
8681 47
8681 48
8681 49
8681 50
8681 51
8681 52
8681 53
8682 30
8682 31
8682 32
8682 33
8682 34
8682 35
8682 36
8682 37
8682 38
8682 39
8682 40
8682 41
8682 42
8682 43
8682 44
8682 45
8682 46
8682 47
8682 48
8682 49
8682 50
8682 51
8682 52
8682 53
8682 54
8682 55
8682 56
8682 57
8682 58
8682 59
8682 60
8682 61
8682 62
8682 63
8682 64
8682 65
8682 66
8682 67
8682 68
8682 161
8682 162
8682 163
8682 164
8682 165
8682 166
8682 167
8682 168
8682 169
8682 170
8682 171
8682 172
8682 173
8682 174
8682 175
8682 176
8682 177
8682 178
8682 179
8682 180
8682 181
8682 182
8682 183
8682 184
8682 185
8682 186
8682 187
8682 188
8682 189
8682 190
8682 191
8685 0
8685 1
8685 2
8685 3
8685 4
8685 5
8685 6
8685 7
8685 8
8685 9
8685 10
8685 53
8685 54
8685 55
8685 63
8685 64
8685 65
8685 66
8685 67
8685 68
8685 69
8685 70
8685 71
8685 72
8685 73
8685 115
8685 116
8685 117
8688 0
8688 1
8688 2
8688 3
8688 4
8688 5
8706 0
8706 1
8706 2
8706 3
8706 4
8706 5
8706 6
8706 7
8706 8
8706 9
8706 10
8706 11
8707 0
8708 0
8708 1
8708 2
8708 3
8709 0
8709 1
8709 2
8710 0
8710 1
8710 2
8710 3
8710 4
8710 5
8710 6
8710 7
8710 8
8710 9
8710 10
8710 11
8710 12
8710 13
8710 14
8711 16
8711 17
8711 18
8711 19
8711 20
8711 21
8711 22
8711 23
8711 24
8711 25
8711 26
8711 27
8711 28
8711 29
8712 0
8712 1
8712 2
8712 3
8712 4
8712 5
8712 6
8712 7
8712 8
8712 9
8712 10
8712 11
8712 12
8712 13
8712 14
8712 15
8712 16
8712 17
8712 18
8712 19
8712 20
8712 21
8712 22
8712 23
8712 24
8712 25
8712 26
8712 27
8713 74
8713 75
8713 76
8713 77
8713 78
8713 79
8713 80
8713 81
8716 0
8716 1
8716 2
8716 3
8716 4
8716 5
8716 6
8716 7
8716 8
8716 9
8716 10
8716 11
8716 12
8716 13
8716 14
8716 15
8716 16
8716 17
8716 18
8716 19
8716 20
8716 21
8716 22
8716 23
8716 24
8716 25
8716 26
8716 27
8716 28
8716 29
8716 30
8716 31
8716 32
8716 33
8716 34
8717 37
8717 38
8718 59
8718 60
8718 64
8718 65
8718 66
8718 67
8718 68
8718 69
8718 70
8718 71
8718 72
8718 73
8718 74
8718 75
8718 76
8718 77
8718 78
8718 79
8718 80
8718 81
8718 82
8718 83
8718 84
8718 85
8718 86
8718 87
8719 0
8720 0
8720 1
8720 2
8720 3
8720 4
8720 5
8720 6
8720 7
8720 8
8720 9
8720 10
8720 11
8720 12
8720 24
8720 25
8720 26
8720 27
8720 28
8720 29
8720 30
8720 31
8724 66
8724 67
8730 0
8730 1
8730 2
8730 3
8730 4
8730 5
8730 6
8740 0
8740 1
8740 2
8740 3
8740 4
8740 5
8740 6
8740 7
8740 8
8740 9
8741 0
8742 0
8743 0
8744 0
8744 1
8744 2
8745 0
8745 1
8745 2
8745 3
8745 4
8745 5
8745 6
8745 7
8745 8
8745 9
8745 10
8745 11
8745 12
8745 13
8745 14
8750 9
8750 10
8750 11
8750 12
8750 13
8750 14
8750 15
8860 7
8860 8
8861 0
8861 1
8861 2
8861 3
8861 4
8861 5
8861 6
8861 7
8861 8
8861 9
8861 10
8861 11
8861 12
8861 13
8861 14
8861 15
8861 16
8861 17
8861 18
8861 19
8861 20
8861 21
8861 22
8861 23
8861 24
8861 25
8861 26
8861 27
8861 28
8861 29
8861 30
8861 31
8863 0
8863 1
8863 2
8863 3
8863 4
8864 0
8864 1
8864 2
8864 3
8864 4
8864 5
8865 0
8865 1
8865 2
8865 3
8866 0
8866 1
8866 2
8867 0
8867 1
8867 2
8867 3
8868 0
8869 0
8870 0
8870 1
8870 2
8870 3
8870 4
8870 5
8870 6
8870 7
8870 8
8870 9
8870 10
8870 11
8870 12
8870 13
8870 14
8870 15
8870 16
8870 17
8870 18
8870 19
8870 20
8870 21
8870 22
8870 23
8870 24
8870 25
8871 0
8871 1
8872 0
8872 1
8872 2
8872 3
8872 4
8873 0
8874 0
8875 0
8875 1
8875 2
8876 0
8877 0
8877 1
8878 0
8879 0
8880 0
8880 1
8931 1
8931 2
8931 3
8931 4
8931 5
8931 6
8931 7
8931 8
8931 9
8931 10
8931 11
8931 12
8931 13
8931 14
8931 15
8931 16
8931 17
8931 18
8931 19
8931 20
8931 21
8931 22
8931 23
8931 24
8931 25
8932 0
8933 0
8934 0
8934 1
8934 2
8934 3
8934 4
8935 0
8935 1
8935 2
8935 3
8935 4
8935 5
8935 6
8935 7
8935 8
8935 9
8935 10
8935 11
8935 12
8936 0
8937 0
8937 1
8937 2
8937 3
8937 4
8937 5
8937 6
8937 7
8937 8
8937 9
8937 10
8937 11
8937 12
8937 13
8937 14
8937 15
8937 16
8937 17
8937 18
8937 19
8937 20
8937 21
8937 22
8937 23
8938 0
8938 1
8938 2
8938 3
8938 4
8939 0
8940 0
8940 1
8940 2
8940 3
8940 4
8940 5
8940 6
8941 0
8942 0
8943 0
8943 1
8943 2
8943 3
8943 4
8944 0
8945 0
8945 1
8946 0
8947 0
8947 1
8947 2
8947 3
8947 4
8947 5
8947 6
8947 7
8947 8
8947 9
8947 10
8947 11
8947 12
8947 13
8947 14
8947 15
8947 16
8947 17
8947 18
8947 19
8947 20
8947 21
8947 22
8947 23
8947 24
8947 25
8947 26
8947 27
8947 28
8947 29
8947 30
8947 31
8947 32
8947 33
8947 34
8947 35
8947 36
8947 37
8947 38
8947 39
8947 40
8947 41
8947 42
8947 43
8947 44
8947 45
8947 46
8947 47
8947 48
8948 0
8948 1
8948 2
8949 0
8949 1
8949 2
8949 3
8950 0
8951 0
8953 0
8954 0
8955 0
8955 1
8955 2
8955 3
8955 4
8955 5
8956 0
8956 1
8956 2
8956 3
8956 4
8957 0
8957 1
8958 0
8958 1
8958 2
8958 3
8958 4
8958 5
8958 6
8958 7
8958 8
8958 9
8958 10
8958 11
8958 12
8958 13
8958 14
8958 15
8958 16
8958 17
8958 18
8958 19
8958 20
8958 21
8958 22
8958 23
8958 24
8958 25
8958 26
8958 27
8958 28
8958 29
8958 30
8958 31
8985 0
8986 0
8986 1
8986 2
8986 3
8986 4
8987 0
8987 1
8987 2
8987 3
8987 4
8988 0
8988 1
8988 2
8989 0
8989 1
8989 2
8989 3
8990 0
8990 1
8991 0
9000 19
9000 20
9000 21
9001 0
9002 0
9003 0
9007 0
9007 1
9007 2
9007 3
9007 4
9007 5
9007 6
9007 7
9008 0
9008 1
9008 2
9008 3
9008 4
9008 5
9008 6
9008 7
9008 8
9008 9
9008 10
9008 11
9008 12
9008 13
9008 14
9008 15
9008 16
9008 17
9008 18
9008 19
9008 20
9008 21
9008 22
9008 23
9009 26
9010 0
9010 1
9010 2
9010 3
9010 4
9010 5
9010 6
9010 7
9010 8
9010 9
9010 10
9011 0
9011 1
9011 2
9011 3
9012 0
9013 0
9013 1
9013 2
9013 3
9013 4
9013 5
9014 0
9014 1
9014 2
9014 3
9014 4
9014 5
9014 6
9014 7
9014 8
9014 9
9014 10
9014 11
9014 12
9014 13
9015 0
9023 0
9023 1
9023 2
9023 3
9023 4
9023 5
9023 6
9023 7
9023 8
9023 9
9023 10
9023 11
9023 12
9023 13
9023 14
9023 15
9023 16
9024 0
9025 0
9025 1
9025 2
9025 3
9025 4
9025 5
9025 6
9025 7
9025 8
9025 9
9025 10
9025 11
9025 12
9025 13
9025 14
9025 15
9025 16
9025 17
9026 0
9027 0
9027 1
9027 2
9028 0
9028 1
9028 2
9028 3
9028 4
9028 5
9028 6
9028 7
9028 8
9028 9
9028 10
9028 11
9029 0
9029 1
9029 2
9030 0
9030 1
9030 2
9030 3
9030 4
9030 5
9030 6
9030 7
9030 8
9030 9
9031 0
9032 0
9032 1
9032 2
9032 3
9032 4
9032 5
9032 6
9032 7
9032 8
9032 9
9032 10
9032 11
9032 12
9032 13
9032 14
9032 15
9032 16
9032 17
9032 18
9034 68
9034 69
9034 70
9034 71
9034 72
9035 0
9035 1
9035 2
9036 0
9037 0
9038 0
9038 1
9041 0
9041 1
9041 6
9041 7
9041 8
9041 9
9041 10
9041 11
9041 12
9041 13
9041 14
9041 15
9042 0
9043 0
9043 1
9043 2
9043 3
9043 4
9043 5
9043 6
9043 7
9043 8
9043 9
9043 10
9043 11
9043 12
9043 13
9043 14
9043 15
9043 16
9043 17
9043 18
9043 19
9043 20
9043 21
9043 22
9043 23
9043 24
9043 25
9043 26
9043 27
9043 28
9043 29
9043 30
9043 31
9043 32
9043 33
9043 34
9043 35
9043 36
9043 37
9043 38
9043 39
9044 0
9044 1
9044 2
9044 3
9044 4
9044 5
9044 6
9044 7
9045 0
9045 1
9045 3
9045 4
9045 70
9045 71
9045 72
9045 73
9045 74
9045 75
9045 76
9045 77
9045 78
9045 79
9045 80
9045 81
9045 82
9045 83
9045 84
9045 85
9045 86
9045 87
9045 89
9045 90
9045 172
9045 173
9046 0
9047 0
9047 1
9047 2
9048 0
9048 1
9048 2
9048 3
9048 4
9048 5
9048 6
9048 7
9048 8
9048 9
9048 10
9048 11
9048 12
9048 13
9048 14
9050 0
9050 1
9050 2
9050 3
9050 4
9050 5
9050 6
9050 7
9050 8
9050 9
9050 10
9050 11
9050 12
9051 0
9051 1
9051 2
9051 3
9051 4
9051 5
9051 6
9051 7
9051 8
9052 0
9052 1
9052 2
9052 3
9052 4
9053 0
9053 1
9053 2
9053 3
9054 0
9054 1
9054 2
9054 3
9054 4
9057 0
9057 1
9057 2
9057 3
9057 4
9057 5
9057 6
9057 7
9061 67
9061 68
9061 69
9061 70
9061 71
9061 72
9061 73
9061 74
9061 75
9061 76
9061 77
9061 78
9061 79
9061 80
9061 81
9061 82
9061 83
9061 84
9061 85
9061 89
9069 17
9069 18
9069 19
9069 20
9069 21
9069 22
9069 23
9069 24
9070 0
9070 1
9070 2
9070 3
9070 4
9070 97
9070 98
9070 99
9070 100
9070 101
9070 102
9070 103
9070 104
9070 105
9070 106
9070 107
9070 108
9070 109
9070 110
9070 111
9070 112
9070 113
9070 114
9070 115
9070 116
9086 27
9086 28
9086 29
9086 30
9086 31
9086 32
9087 14
9087 15
9088 28
9088 29
9088 30
9088 31
9088 32
9088 33
9088 34
9088 35
9088 36
9088 37
9088 38
9088 39
9111 5
9111 6
9111 7
9111 8
9111 9
9111 10
9111 11
9111 12
9111 13
9111 14
9111 15
9111 16
9111 17
9111 18
9111 19
9111 20
9112 0
9112 1
9112 2
9112 3
9112 4
9112 5
9112 6
9112 7
9112 8
9112 9
9112 10
9112 11
9112 12
9112 13
9112 14
9112 15
9112 16
9112 17
9112 18
9113 0
9113 1
9114 0
9114 1
9114 2
9114 3
9114 4
9114 5
9114 6
9114 7
9114 8
9114 9
9114 10
9114 11
9114 12
9114 13
9114 14
9115 0
9116 0
9117 0
9117 1
9117 2
9117 3
9117 4
9118 0
9119 0
9119 1
9119 2
9119 3
9119 4
9119 5
9119 6
9119 7
9119 8
9119 9
9119 10
9119 11
9119 12
9119 13
9119 14
9119 15
9119 16
9119 17
9119 18
9120 0
9120 1
9120 2
9120 3
9120 4
9120 5
9120 6
9120 7
9120 8
9120 9
9121 0
9122 0
9122 1
9122 2
9122 3
9122 4
9122 5
9122 6
9122 7
9122 8
9122 9
9122 10
9122 11
9122 12
9122 13
9122 14
9122 15
9122 16
9122 17
9122 18
9122 19
9122 20
9122 21
9122 22
9122 23
9122 24
9122 25
9122 26
9122 27
9122 28
9122 29
9122 30
9122 31
9122 32
9122 33
9123 0
9123 1
9124 0
9124 1
9124 2
9124 3
9124 4
9124 5
9124 6
9124 7
9124 8
9124 9
9124 10
9124 11
9124 12
9125 0
9128 0
9128 1
9128 2
9128 3
9128 4
9128 5
9128 6
9128 7
9128 8
9128 9
9128 10
9128 11
9128 44
9128 45
9128 46
9128 47
9128 48
9128 49
9128 50
9128 51
9128 52
9128 53
9128 54
9128 55
9128 56
9129 0
9130 0
9130 1
9130 2
9130 3
9130 4
9130 5
9130 6
9144 1
9145 0
9145 1
9145 2
9145 3
9145 4
9145 5
9145 6
9145 7
9145 8
9145 9
9145 10
9145 11
9145 12
9145 13
9145 38
9145 39
9145 40
9145 41
9145 61
9145 62
9145 63
9145 64
9145 65
9145 66
9145 67
9152 0
9152 1
9153 0
9154 0
9155 0
9156 0
9157 0
9158 0
9159 0
9160 0
9161 0
9162 0
9163 0
9164 0
9165 0
9165 1
9166 0
9166 1
9166 2
9166 3
9166 4
9166 5
9166 6
9166 7
9166 8
9167 0
9168 0
9169 0
9174 0
9174 1
9174 2
9174 3
9174 4
9174 5
9174 6
9174 7
9174 8
9174 9
9174 10
9174 11
9174 12
9174 13
9174 14
9174 15
9174 16
9174 17
9174 18
9174 19
9174 20
9174 24
9174 25
9174 35
9174 36
9174 37
9174 38
9174 39
9174 40
9174 41
9174 42
9174 43
9174 44
9174 45
9174 46
9174 47
9174 48
9174 49
9177 0
9178 38
9178 39
9178 40
9178 41
9178 42
9178 43
9178 44
9178 45
9178 46
9178 47
9178 48
9178 49
9178 50
9178 51
9178 52
9178 53
9178 54
9178 55
9178 56
9179 0
9179 1
9179 2
9179 3
9179 4
9179 5
9179 6
9179 7
9179 8
9179 9
9179 10
9179 11
9179 12
9179 13
9179 14
9179 15
9179 16
9179 17
9179 18
9180 0
9181 0
9190 13
9195 0
9195 1
9195 2
9195 3
9195 4
9196 0
9197 0
9198 0
9199 0
9199 51
9199 52
9200 4
9200 5
9200 6
9200 7
9200 8
9201 0
9202 0
9205 23
9205 24
9205 25
9205 26
9205 27
9205 28
9205 29
9205 30
9205 31
9205 32
9205 33
9205 34
9205 35
9205 36
9205 37
9205 38
9205 39
9207 34
9207 35
9207 36
9218 0
9218 1
9218 2
9218 3
9218 4
9218 5
9218 6
9218 7
9218 8
9218 9
9218 10
9218 11
9219 0
9220 0
9220 1
9221 0
9224 0
9225 0
9225 1
9225 2
9225 3
9225 4
9225 5
9225 6
9225 7
9225 8
9225 9
9225 10
9225 11
9225 12
9225 13
9225 14
9225 15
9226 0
9226 1
9227 0
9227 1
9227 2
9227 3
9227 4
9227 5
9227 6
9227 7
9227 8
9227 9
9227 10
9227 11
9227 12
9227 13
9227 14
9227 15
9227 16
9228 0
9229 0
9229 1
9230 0
9230 1
9230 2
9230 3
9230 4
9230 5
9231 0
9231 1
9231 5
9231 6
9231 7
9231 8
9231 9
9231 10
9231 11
9231 12
9231 13
9231 14
9231 15
9231 16
9231 17
9231 18
9231 19
9231 20
9231 21
9231 22
9231 23
9231 24
9231 25
9231 26
9232 0
9233 0
9234 0
9235 0
9276 0
9277 0
9278 0
9279 0
9280 0
9281 0
9282 0
9282 1
9282 2
9282 3
9283 0
9283 1
9283 2
9283 3
9283 4
9283 5
9283 6
9283 7
9283 8
9283 9
9283 10
9283 11
9283 12
9283 13
9284 0
9284 1
9284 2
9284 3
9284 4
9284 5
9284 6
9284 7
9284 8
9284 9
9284 10
9284 11
9284 12
9284 13
9284 14
9284 15
9284 16
9284 17
9284 18
9284 19
9285 0
9285 1
9289 0
9290 0
9290 1
9290 2
9291 0
9292 0
9313 0
9313 1
9313 2
9313 3
9313 4
9318 0
9319 0
9320 0
9320 1
9320 2
9320 3
9320 4
9320 5
9320 6
9320 7
9320 8
9320 9
9320 10
9320 11
9320 12
9320 13
9320 14
9320 15
9320 16
9320 17
9320 18
9320 19
9320 20
9320 21
9320 22
9320 23
9320 24
9320 25
9320 26
9320 27
9320 28
9320 29
9320 30
9320 31
9320 32
9321 0
9321 1
9321 2
9321 3
9321 4
9321 5
9321 6
9321 7
9321 8
9321 9
9321 10
9321 11
9322 0
9322 1
9322 2
9322 3
9322 4
9322 5
9322 6
9322 7
9322 8
9322 9
9322 10
9322 11
9322 12
9322 13
9325 0
9327 0
9330 0
9330 1
9330 2
9330 3
9330 4
9330 5
9330 6
9330 7
9332 0
9332 1
9332 2
9332 3
9332 4
9332 5
9332 6
9332 7
9332 8
9335 24
9335 25
9335 26
9335 27
9335 28
9335 29
9335 30
9335 31
9335 32
9335 33
9335 34
9335 35
9335 36
9335 37
9335 38
9335 39
9352 10
9355 0
9355 1
9355 2
9355 3
9355 4
9356 0
9356 1
9356 2
9357 0
9357 1
9358 0
9359 0
9359 1
9359 2
9359 3
9359 4
9359 5
9359 6
9359 7
9359 8
9359 9
9359 10
9359 11
9359 12
9359 13
9359 14
9359 15
9359 16
9359 17
9366 31
9366 32
9366 33
9366 34
9366 35
9366 36
9366 37
9366 38
9366 39
9366 40
9366 41
9366 42
9366 43
9366 44
9366 45
9366 46
9366 47
9366 48
9366 49
9366 50
9366 51
9366 52
9366 53
9366 54
9366 55
9366 56
9366 57
9366 58
9366 59
9366 60
9366 61
9366 62
9366 63
9366 64
9366 65
9366 66
9379 0
9379 1
9380 0
9380 1
9380 2
9381 0
9382 0
9383 0
9384 0
9384 1
9384 2
9385 0
9386 0
9386 1
9387 0
9390 0
9390 1
9390 2
9391 0
9391 1
9391 2
9391 3
9392 0
9392 1
9398 0
9398 1
9398 2
9398 3
9399 12
9399 13
9399 14
9399 15
9399 16
9399 17
9399 18
9399 19
9399 20
9399 21
9399 22
9399 23
9399 24
9399 25
9399 26
9401 9
9402 0
9402 1
9403 0
9403 1
9403 2
9403 3
9405 0
9405 1
9405 2
9405 3
9406 0
9409 0
9409 1
9409 2
9413 60
9414 0
9414 1
9414 2
9415 0
9416 0
9416 1
9416 2
9416 3
9416 4
9417 0
9417 1
9418 0
9419 0
9422 0
9425 0
9425 1
9425 2
9425 3
9426 0
9426 1
9426 2
9426 3
9431 19
9431 20
9431 21
9431 22
9431 23
9431 24
9431 25
9431 26
9431 27
9431 28
9431 29
9431 30
9431 31
9431 32
9431 33
9431 34
9431 35
9445 16
9445 17
9445 18
9448 0
9448 1
9448 2
9448 3
9459 2
9459 3
9459 4
9459 5
9459 6
9459 7
9459 8
9459 9
9459 10
9459 11
9459 12
9459 13
9459 14
9459 15
9459 16
9459 17
9459 18
9466 8
9471 11
9471 12
9471 13
9471 14
9471 15
9471 16
9471 17
9472 0
9472 1
9472 2
9472 3
9472 4
9472 5
9472 6
9478 1
9478 2
9478 3
9478 4
9478 5
9478 6
9478 7
9480 0
9481 0
9481 1
9481 2
9481 3
9481 4
9481 5
9482 0
9482 1
9482 2
9482 3
9483 0
9483 1
9483 2
9484 0
9485 0
9486 0
9486 1
9486 2
9487 0
9487 1
9487 2
9487 3
9487 4
9487 5
9487 6
9487 7
9487 8
9487 9
9487 10
9487 11
9487 12
9487 13
9487 14
9487 15
9487 16
9487 17
9487 18
9487 19
9487 20
9487 21
9487 22
9487 23
9487 24
9487 25
9487 26
9487 27
9487 28
9487 29
9487 30
9488 0
9489 0
9489 1
9490 0
9490 1
9490 2
9490 3
9490 4
9490 5
9490 6
9490 7
9490 8
9491 0
9491 1
9492 0
9493 0
9494 0
9495 0
9495 1
9496 0
9497 0
9497 1
9498 0
9499 0
9499 1
9500 0
9501 0
9502 0
9503 0
9504 0
9505 0
9506 0
9506 1
9507 0
9508 0
9509 0
9510 0
9511 0
9512 0
9513 0
9514 0
9515 0
9516 0
9517 0
9518 0
9519 0
9520 0
9521 0
9522 0
9523 0
9524 0
9524 1
9524 2
9524 3
9524 4
9524 5
9524 6
9524 7
9524 8
9524 9
9524 12
9524 13
9524 14
9524 15
9524 16
9524 17
9524 18
9524 19
9524 20
9524 21
9524 22
9524 23
9524 24
9524 25
9524 26
9524 27
9524 28
9525 0
9526 0
9527 0
9528 0
9530 0
9531 0
9531 1
9533 0
9533 1
9533 2
9533 3
9534 0
9535 0
9536 0
9537 0
9538 0
9539 0
9540 0
9541 0
9542 0
9543 0
9544 0
9545 0
9546 0
9546 1
9547 0
9548 0
9548 1
9548 2
9548 3
9548 4
9548 5
9549 0
9550 0
9551 0
9552 0
9552 1
9553 0
9554 0
9555 0
9555 1
9555 2
9555 3
9555 4
9555 5
9555 6
9555 7
9555 8
9555 9
9555 10
9555 11
9555 12
9555 13
9555 14
9555 15
9555 16
9555 17
9555 18
9555 19
9555 20
9555 21
9555 22
9555 23
9555 24
9555 25
9555 26
9559 0
9559 1
9559 2
9559 3
9560 0
9561 0
9562 0
9562 1
9564 0
9565 0
9566 0
9567 0
9568 0
9569 0
9570 0
9571 0
9571 1
9571 2
9572 0
9572 1
9573 0
9574 0
9575 0
9576 0
9576 1
9576 2
9576 3
9576 4
9579 0
9579 1
9579 2
9579 3
9579 4
9579 5
9579 6
9582 10
9583 0
9583 1
9583 2
9583 3
9583 4
9583 5
9583 6
9583 7
9584 0
9585 0
9585 1
9585 2
9585 3
9585 4
9585 5
9585 6
9585 7
9585 8
9585 9
9585 10
9585 11
9585 12
9585 13
9585 14
9585 15
9588 10
9594 16
9595 0
9596 0
9596 1
9596 2
9596 3
9597 6
9597 7
9597 8
9597 9
9598 29
9598 30
9598 31
9598 32
9598 33
9598 34
9598 35
9598 36
9598 37
9598 38
9598 39
9598 40
9598 41
9598 42
9598 43
9598 44
9598 45
9598 46
9598 47
9598 48
9598 49
9598 50
9599 0
9599 1
9599 2
9599 3
9599 4
9599 5
9599 6
9599 7
9599 8
9599 9
9599 10
9599 11
9601 0
9601 1
9601 2
9601 3
9601 4
9601 5
9603 0
9604 0
9604 1
9604 2
9604 3
9604 4
9605 0
9605 1
9605 2
9605 3
9605 4
9605 5
9605 6
9606 0
9620 30
9620 31
9620 32
9620 33
9620 34
9620 35
9620 36
9620 37
9620 38
9620 39
9620 40
9620 41
9620 42
9620 43
9624 0
9624 1
9624 2
9624 3
9624 4
9624 5
9624 6
9624 7
9624 8
9624 9
9624 10
9624 11
9624 12
9624 13
9626 0
9626 1
9658 9
9658 10
9658 11
9658 12
9658 13
9658 14
9658 15
9658 16
9658 17
9658 18
9658 19
9658 20
9658 21
9658 22
9658 23
9658 24
9658 25
9658 26
9658 27
9658 28
9660 5
9660 6
9660 7
9660 8
9660 9
9660 10
9660 11
9660 12
9660 13
9660 14
9660 15
9662 33
9662 34
9662 35
9662 40
9662 41
9662 42
9662 43
9662 44
9662 45
9663 0
9664 0
9665 0
9666 0
9668 0
9669 0
9670 0
9670 1
9671 0
9671 1
9671 2
9671 3
9671 4
9671 5
9675 0
9675 1
9676 8
9676 9
9676 10
9676 11
9676 12
9676 13
9676 14
9676 15
9676 16
9676 17
9676 18
9676 19
9676 20
9676 21
9676 22
9676 23
9676 24
9676 25
9676 26
9676 27
9676 28
9676 29
9676 30
9676 31
9677 0
9682 0
9682 1
9682 2
9682 3
9682 4
9682 5
9682 6
9683 0
9683 1
9683 2
9683 3
9683 4
9683 5
9683 6
9683 7
9701 13
9701 14
9701 15
9701 16
9701 17
9701 18
9701 19
9701 20
9701 21
9701 22
9701 23
9701 24
9701 25
9701 26
9701 27
9701 28
9702 1
9703 0
9703 1
9703 2
9703 3
9703 4
9703 5
9703 6
9703 7
9703 8
9703 9
9703 10
9703 11
9703 12
9703 13
9703 14
9703 15
9703 16
9704 0
9710 47
9710 48
9710 49
9710 50
9710 51
9710 52
9710 53
9710 54
9710 55
9711 0
9711 1
9711 2
9711 3
9711 4
9714 0
9714 1
9714 2
9714 3
9714 4
9714 5
9714 6
9714 7
9714 8
9714 9
9714 10
9714 11
9714 12
9714 13
9715 9
9715 10
9715 11
9715 12
9715 13
9715 14
9715 15
9715 16
9715 17
9715 18
9715 19
9715 20
9715 21
9715 22
9715 23
9715 24
9715 25
9721 73
9722 0
9722 1
9722 2
9722 3
9722 4
9722 5
9749 0
9749 1
9749 2
9749 3
9749 4
9749 5
9750 0
9750 1
9750 2
9750 3
9750 4
9750 5
9750 6
9750 7
9751 0
9751 1
9751 2
9751 3
9751 4
9751 5
9751 6
9751 7
9751 8
9751 9
9751 10
9751 11
9751 12
9751 13
9751 14
9751 15
9751 16
9751 17
9751 18
9751 19
9751 20
9751 21
9751 22
9751 23
9751 24
9751 25
9751 26
9751 27
9751 28
9751 29
9751 30
9751 31
9752 0
9752 1
9752 2
9752 3
9752 4
9752 5
9752 6
9752 7
9752 8
9752 9
9752 10
9752 11
9752 12
9752 13
9752 14
9752 15
9752 16
9752 17
9752 18
9752 19
9752 20
9752 21
9752 22
9752 23
9753 0
9754 0
9754 1
9754 2
9755 0
9756 0
9757 0
9758 0
9759 0
9759 1
9760 0
9760 1
9761 0
9762 0
9762 1
9763 0
9764 0
9764 1
9764 2
9764 3
9764 4
9764 5
9764 6
9765 0
9765 1
9765 2
9765 3
9765 4
9765 5
9765 6
9765 7
9765 8
9765 9
9765 10
9765 11
9765 12
9765 13
9765 14
9765 15
9765 16
9765 17
9765 18
9765 19
9765 20
9765 21
9765 22
9765 23
9765 24
9765 25
9765 26
9765 27
9765 28
9765 29
9765 30
9765 31
9766 0
9766 1
9766 2
9766 3
9766 4
9766 5
9766 6
9766 7
9766 8
9766 9
9767 0
9767 1
9767 2
9767 3
9767 4
9768 0
9768 1
9771 0
9772 0
9772 1
9773 0
9773 1
9773 2
9773 3
9773 4
9773 5
9773 6
9773 7
9773 8
9773 9
9773 10
9773 11
9773 12
9773 13
9773 14
9773 15
9773 16
9773 18
9773 19
9773 20
9773 21
9773 22
9773 23
9773 24
9773 25
9773 26
9773 27
9773 28
9773 29
9773 30
9773 31
9773 32
9773 33
9773 34
9773 35
9773 36
9773 37
9773 38
9773 39
9773 40
9773 41
9773 42
9773 43
9773 44
9773 45
9773 46
9773 47
9773 48
9773 49
9773 50
9773 51
9773 52
9773 53
9773 54
9773 55
9773 56
9773 57
9773 58
9773 59
9773 60
9773 61
9773 62
9773 63
9773 64
9773 65
9774 0
9775 0
9775 1
9775 2
9775 3
9775 4
9775 5
9775 6
9775 7
9775 8
9775 9
9775 10
9775 11
9775 12
9775 13
9775 14
9775 15
9775 16
9775 17
9775 18
9775 19
9775 20
9775 21
9775 22
9775 23
9775 24
9775 25
9775 26
9775 27
9775 28
9775 29
9775 30
9775 31
9775 32
9775 33
9775 34
9775 35
9775 36
9775 37
9775 38
9775 39
9775 40
9775 41
9775 42
9775 43
9775 44
9775 45
9776 0
9776 1
9776 2
9776 3
9776 4
9776 5
9776 6
9776 7
9776 8
9776 9
9776 10
9776 11
9776 12
9776 13
9776 14
9776 15
9776 16
9777 0
9777 1
9777 2
9777 3
9777 4
9777 5
9777 6
9777 7
9777 8
9777 9
9777 10
9777 11
9777 12
9777 13
9777 14
9777 15
9777 16
9777 17
9777 18
9777 19
9777 20
9777 21
9777 22
9777 23
9777 24
9777 25
9777 26
9777 27
9777 28
9777 29
9777 30
9777 31
9777 32
9777 33
9777 34
9777 35
9778 0
9778 1
9778 2
9778 3
9778 4
9778 5
9778 6
9778 7
9778 8
9778 9
9778 10
9778 11
9778 12
9778 13
9778 14
9778 15
9778 16
9778 17
9778 18
9778 19
9778 20
9778 21
9778 22
9778 23
9778 24
9778 25
9778 26
9778 27
9778 28
9778 29
9778 30
9779 0
9779 1
9780 0
9780 1
9780 2
9780 3
9780 4
9780 5
9780 6
9780 7
9780 8
9780 9
9780 10
9780 11
9780 12
9780 13
9780 14
9780 15
9780 16
9780 17
9780 18
9780 19
9780 20
9780 21
9780 22
9780 23
9783 0
9783 1
9783 2
9783 3
9783 4
9783 5
9783 6
9783 7
9783 8
9783 9
9783 10
9783 11
9783 12
9783 13
9783 14
9784 0
9784 1
9784 2
9784 3
9784 4
9784 5
9784 6
9784 7
9784 8
9784 9
9784 10
9784 11
9784 12
9784 13
9784 14
9784 15
9784 16
9784 17
9784 18
9784 19
9784 20
9784 21
9784 22
9784 23
9784 24
9784 25
9784 26
9784 27
9784 28
9784 29
9784 30
9784 31
9784 32
9784 33
9784 34
9784 35
9784 36
9784 37
9784 38
9785 0
9785 1
9785 2
9785 3
9785 4
9785 5
9785 6
9785 7
9788 0
9788 1
9788 2
9788 3
9788 4
9788 5
9788 6
9788 7
9788 8
9788 9
9788 10
9788 11
9788 12
9788 13
9789 0
9789 1
9789 2
9789 3
9789 4
9789 5
9789 6
9789 7
9789 49
9789 50
9789 51
9789 52
9789 53
9789 54
9789 55
9789 56
9789 57
9790 0
9790 1
9790 2
9790 3
9790 4
9790 5
9790 6
9790 7
9790 8
9790 9
9790 10
9790 11
9790 12
9790 13
9790 14
9790 15
9790 16
9790 17
9790 18
9790 19
9790 20
9790 21
9790 22
9790 23
9790 24
9790 25
9790 26
9790 27
9790 28
9790 29
9790 30
9790 31
9790 32
9790 33
9790 34
9790 35
9790 36
9790 37
9790 38
9790 39
9790 40
9790 41
9790 42
9790 43
9790 44
9790 45
9790 46
9790 47
9790 48
9790 49
9790 50
9790 51
9790 52
9790 53
9790 54
9790 55
9790 56
9790 57
9790 58
9790 59
9790 60
9790 61
9790 62
9790 63
9790 64
9790 65
9790 66
9790 67
9790 68
9790 69
9790 70
9790 71
9790 72
9790 73
9790 74
9790 75
9790 76
9790 77
9790 78
9790 79
9790 80
9790 81
9790 82
9790 83
9790 84
9790 85
9790 86
9790 87
9790 88
9790 89
9790 90
9790 91
9790 92
9790 93
9790 94
9797 13
9797 14
9797 15
9797 16
9797 17
9797 18
9797 19
9797 20
9798 0
9798 1
9798 2
9798 3
9798 4
9798 5
9798 6
9799 0
9800 0
9800 1
9800 2
9800 3
9800 4
9800 5
9800 6
9800 7
9800 8
9800 9
9800 10
9800 11
9800 12
9800 13
9800 14
9800 15
9800 16
9801 0
9801 1
9801 2
9801 3
9801 4
9801 5
9801 6
9801 7
9801 8
9801 9
9801 10
9801 11
9801 12
9801 13
9801 14
9801 15
9801 16
9801 17
9801 18
9801 19
9801 20
9802 0
9802 1
9802 2
9802 3
9802 4
9802 5
9802 6
9802 7
