11000 0
11001 0
11001 1
11001 2
11001 3
11001 4
11001 5
11001 6
11001 7
11001 8
11001 9
11001 10
11001 11
11001 12
11001 13
11001 14
11001 15
11001 16
11001 17
11002 0
11002 1
11002 2
11002 3
11002 4
11002 5
11003 0
11003 1
11003 2
11003 3
11003 4
11003 5
11003 6
11003 7
11003 8
11004 0
11004 1
11004 2
11004 3
11004 4
11004 5
11004 6
11004 7
11005 0
11005 1
11005 2
11005 3
11005 4
11005 5
11005 6
11005 7
11005 8
11005 9
11005 10
11005 11
11005 12
11005 13
11005 14
11006 0
11006 1
11007 0
11007 1
11007 2
11007 3
11007 4
11007 5
11007 6
11007 7
11007 8
11007 9
11007 10
11007 11
11007 12
11007 13
11007 14
11007 15
11007 16
11007 17
11007 18
11007 19
11007 20
11007 21
11007 22
11007 23
11007 24
11007 25
11007 26
11008 0
11008 1
11008 2
11009 0
11010 0
11010 1
11010 2
11010 3
11010 4
11010 5
11011 0
11012 0
11012 1
11013 0
11014 0
11014 1
11015 0
11015 1
11015 2
11015 3
11015 4
11015 5
11015 6
11015 7
11015 8
11015 9
11015 10
11015 11
11015 12
11015 13
11016 0
11016 1
11016 2
11016 3
11016 4
11016 5
11016 6
11016 7
11016 8
11016 9
11016 10
11016 11
11016 12
11016 13
11016 14
11016 15
11016 16
11016 17
11016 18
11017 0
11017 1
11017 2
11017 3
11017 4
11017 5
11017 6
11017 7
11017 8
11017 9
11017 10
11017 11
11017 12
11017 13
11017 14
11017 15
11017 16
11017 17
11018 0
11019 0
11019 1
11019 2
11020 0
11020 1
11020 2
11020 3
11020 4
11020 5
11020 6
11020 7
11020 8
11021 0
11022 0
11022 1
11022 2
11022 3
11022 4
11022 5
11022 6
11022 7
11022 8
11022 9
11022 10
11022 11
11022 12
11023 0
11023 1
11023 2
11026 0
11026 1
11026 2
11026 3
11026 4
11026 5
11026 6
11027 0
11027 1
11027 2
11027 3
11027 4
11027 5
11027 6
11027 7
11027 8
11027 9
11027 10
11027 11
11028 0
11028 1
11028 2
11028 3
11028 4
11028 5
11028 6
11028 7
11028 8
11028 9
11028 10
11028 11
11028 12
11028 13
11028 14
11028 15
11028 16
11028 17
11028 18
11028 19
11028 20
11028 21
11028 22
11028 23
11028 24
11028 25
11028 26
11028 27
11028 28
11028 29
11028 30
11028 31
11028 32
11028 33
11028 34
11028 35
11029 0
11029 1
11029 2
11029 3
11029 4
11029 5
11029 6
11029 7
11030 0
11030 1
11030 2
11030 3
11030 4
11031 0
11031 1
11031 2
11031 3
11031 4
11031 5
11031 6
11031 7
11031 8
11031 9
11031 10
11031 11
11031 12
11032 0
11032 1
11032 2
11032 3
11033 0
11033 1
11033 2
11033 3
11033 4
11033 5
11033 6
11033 7
11033 8
11033 9
11033 10
11034 0
11034 1
11034 2
11034 3
11034 4
11034 5
11034 6
11034 7
11034 8
11034 9
11034 10
11034 11
11034 12
11034 13
11035 0
11035 1
11035 2
11035 3
11035 4
11035 5
11035 6
11035 7
11035 8
11035 9
11035 10
11035 11
11035 12
11035 13
11035 14
11035 15
11035 16
11036 0
11036 1
11036 2
11036 3
11036 4
11036 5
11036 6
11036 7
11036 8
11036 9
11036 10
11036 11
11036 12
11036 13
11036 14
11036 15
11036 16
11036 17
11036 18
11036 19
11036 20
11036 21
11036 22
11036 23
11036 24
11036 25
11036 26
11036 27
11036 28
11036 29
11036 30
11036 31
11036 32
11036 33
11036 34
11036 35
11036 36
11036 37
11036 38
11036 39
11036 40
11036 41
11036 42
11036 43
11036 44
11036 45
11036 46
11036 47
11036 48
11036 49
11037 0
11037 1
11037 2
11037 3
11037 4
11037 5
11037 6
11037 7
11037 8
11037 9
11037 10
11037 11
11037 12
11037 13
11038 0
11038 1
11038 2
11038 3
11038 4
11038 5
11038 6
11038 7
11038 8
11039 0
11039 1
11039 2
11039 3
11039 4
11039 5
11039 6
11039 7
11039 8
11039 9
11039 10
11039 11
11039 12
11039 13
11039 14
11039 15
11039 16
11039 17
11039 18
11039 19
11039 20
11039 21
11039 22
11039 23
11039 24
11039 25
11039 26
11039 27
11039 28
11039 29
11039 30
11040 0
11040 1
11040 2
11040 3
11040 4
11041 0
11042 0
11042 1
11042 2
11042 3
11042 4
11042 5
11043 0
11043 1
11043 2
11043 3
11043 4
11043 5
11043 6
11043 7
11043 8
11043 9
11043 10
11043 11
11043 12
11043 13
11043 14
11043 15
11044 0
11044 1
11044 2
11044 3
11044 4
11044 5
11044 6
11044 7
11044 8
11044 9
11044 10
11044 11
11044 12
11044 13
11044 14
11044 15
11044 16
11044 17
11044 18
11044 19
11044 20
11044 21
11044 22
11044 23
11044 24
11044 25
11044 26
11045 0
11045 1
11045 2
11045 3
11045 4
11045 5
11045 6
11045 7
11045 8
11045 9
11046 0
11046 1
11046 2
11046 3
11046 4
11046 5
11046 6
11046 7
11046 8
11046 9
11046 10
11046 11
11046 12
11046 13
11046 14
11046 15
11046 16
11046 17
11046 18
11046 19
11046 20
11046 21
11046 22
11046 23
11046 24
11046 25
11046 26
11046 27
11046 28
11047 0
11047 1
11047 2
11047 3
11047 4
11047 5
11047 6
11047 7
11047 8
11047 9
11047 10
11047 11
11047 12
11047 13
11047 14
11047 15
11047 16
11047 17
11047 18
11047 19
11047 20
11047 21
11048 0
11048 1
11048 2
11048 3
11048 4
11049 0
11049 1
11049 2
11049 3
11049 4
11049 5
11050 0
11050 1
11050 2
11051 0
11051 1
11051 2
11052 0
11053 0
11053 1
11053 2
11053 3
11053 4
11053 5
11056 0
11057 0
11057 1
11057 2
11057 3
11057 4
11057 5
11057 6
11057 7
11057 8
11057 9
11057 10
11057 11
11057 12
11057 13
11057 14
11057 15
11057 16
11057 17
11057 18
11057 19
11057 20
11058 0
11058 1
11058 2
11058 3
11058 4
11058 5
11058 6
11058 7
11058 8
11058 9
11058 10
11058 11
11058 12
11058 13
11058 14
11058 15
11058 16
11058 17
11058 18
11058 19
11058 20
11058 21
11058 22
11058 23
11058 24
11058 25
11058 26
11058 27
11058 28
11058 29
11058 30
11058 31
11058 32
11058 33
11058 34
11058 35
11058 36
11058 37
11058 38
11059 0
11060 0
11060 1
11060 2
11061 0
11061 1
11061 2
11061 3
11061 4
11062 0
11062 1
11062 2
11062 3
11062 4
11062 5
11062 6
11062 7
11063 0
11063 1
11063 2
11063 3
11063 4
11063 5
11063 6
11063 7
11063 8
11063 9
11063 10
11063 11
11063 12
11063 13
11063 14
11063 15
11063 16
11063 17
11063 18
11063 19
11063 20
11063 21
11063 22
11063 23
11063 24
11063 25
11064 0
11064 1
11064 2
11064 3
11064 4
11064 5
11064 6
11064 7
11064 8
11064 9
11064 10
11064 11
11064 12
11064 13
11064 14
11064 15
11064 16
11064 17
11064 18
11064 19
11064 20
11064 21
11064 22
11064 23
11064 24
11064 25
11065 0
11065 1
11065 2
11065 3
11065 4
11065 5
11065 6
11065 7
11066 0
11066 1
11066 2
11066 3
11066 4
11066 5
11066 6
11066 7
11066 8
11066 9
11066 10
11066 11
11066 12
11066 13
11066 14
11066 15
11066 16
11066 17
11066 18
11066 19
11066 20
11066 21
11066 22
11066 23
11066 24
11066 25
11067 0
11067 1
11067 2
11067 3
11067 4
11067 5
11067 6
11067 7
11067 8
11067 9
11067 10
11067 11
11068 0
11068 1
11068 2
11068 3
11068 4
11068 5
11068 6
11068 7
11068 8
11068 9
11068 10
11068 11
11068 12
11068 13
11068 14
11068 15
11068 16
11068 17
11068 18
11068 19
11068 20
11068 21
11068 22
11068 23
11068 24
11068 25
11068 26
11068 27
11068 28
11068 29
11068 30
11068 31
11068 32
11068 33
11068 34
11068 35
11068 36
11068 37
11068 38
11068 39
11068 40
11068 41
11068 42
11069 0
11069 1
11069 2
11069 3
11069 4
11069 5
11069 6
11069 7
11069 8
11070 0
11070 1
11070 2
11070 3
11070 4
11070 5
11070 6
11070 7
11070 8
11070 9
11070 10
11070 11
11070 12
11070 13
11070 14
11070 15
11070 16
11070 17
11070 18
11070 19
11070 20
11070 21
11070 22
11070 23
11070 24
11070 25
11070 26
11070 27
11070 28
11070 29
11070 30
11070 31
11070 32
11070 33
11070 34
11070 35
11070 36
11070 37
11070 38
11070 39
11070 40
11070 41
11070 42
11070 43
11070 44
11070 45
11070 46
11070 47
11070 48
11071 0
11071 1
11071 2
11071 3
11071 4
11071 5
11071 6
11071 7
11072 0
11072 1
11072 2
11072 3
11072 4
11072 5
11072 6
11072 7
11072 8
11072 9
11072 10
11072 11
11072 12
11073 0
11075 0
11075 1
11075 2
11075 3
11075 4
11075 5
11075 6
11076 0
11076 1
11076 2
11076 3
11076 4
11076 5
11076 6
11077 0
11077 1
11077 2
11077 3
11078 0
11078 1
11078 2
11078 3
11078 4
11078 5
11078 6
11078 7
11078 8
11078 9
11078 10
11079 0
11079 1
11079 2
11079 3
11079 4
11079 5
11080 0
11080 1
11080 2
11080 3
11080 4
11080 5
11080 6
11080 7
11080 8
11080 9
11080 10
11080 11
11080 12
11081 0
11081 1
11081 2
11081 3
11081 4
11081 5
11081 6
11081 7
11081 8
11081 9
11081 10
11081 11
11081 12
11082 0
11083 0
11083 1
11083 2
11083 3
11083 4
11083 5
11083 6
11083 7
11083 8
11083 9
11083 10
11086 0
11086 1
11086 2
11086 3
11086 4
11092 0
11092 1
11092 2
11092 3
11092 4
11092 5
11092 6
11092 7
11092 8
11093 0
11093 1
11093 2
11093 3
11093 4
11093 5
11093 6
11093 7
11093 8
11093 9
11093 10
11093 11
11093 12
11093 13
11093 14
11093 15
11093 16
11093 17
11093 18
11093 19
11093 20
11094 0
11094 1
11095 0
11095 1
11095 2
11095 3
11095 4
11095 5
11095 6
11095 7
11095 8
11095 9
11095 10
11095 11
11095 12
11095 13
11095 14
11095 15
11095 16
11095 17
11095 18
11095 19
11095 20
11100 0
11101 0
11101 1
11111 0
11111 1
11125 0
11125 1
11125 2
11125 3
11125 4
11125 5
11125 6
11125 7
11125 8
11125 9
11125 10
11125 11
11125 12
11125 13
11126 0
11126 1
11126 2
11126 3
11126 4
11126 5
11126 6
11126 7
11126 8
11126 9
11126 10
11126 11
11126 12
11126 13
11126 14
11126 15
11126 16
11126 17
11126 18
11126 19
11126 20
11127 0
11127 1
11127 2
11127 3
11127 4
11127 5
11127 6
11127 7
11127 8
11127 9
11127 10
11127 11
11127 12
11127 13
11128 0
11128 1
11128 2
11128 3
11128 4
11128 5
11128 6
11128 7
11128 8
11128 9
11129 0
11129 1
11129 2
11129 3
11129 4
11129 5
11129 6
11129 7
11129 8
11129 9
11129 10
11129 11
11129 12
11129 13
11129 14
11129 15
11129 16
11129 17
11129 18
11129 19
11129 20
11129 21
11129 22
11129 23
11129 24
11129 25
11129 26
11129 27
11129 28
11129 29
11129 30
11130 0
11130 1
11130 2
11130 3
11130 4
11130 5
11130 6
11130 7
11130 8
11130 9
11130 10
11130 11
11130 12
11130 13
11130 14
11130 15
11130 16
11130 17
11130 18
11130 19
11130 20
11130 21
11130 22
11130 23
11130 24
11130 25
11130 26
11130 27
11130 28
11130 29
11130 30
11130 31
11131 0
11131 1
11131 2
11131 3
11131 4
11131 5
11131 6
11131 7
11131 8
11131 9
11131 10
11131 11
11131 12
11131 13
11131 14
11131 15
11131 16
11131 17
11131 18
11131 19
11131 20
11131 21
11131 22
11131 23
11131 24
11131 25
11131 26
11131 27
11131 28
11131 29
11131 30
11131 31
11132 0
11132 1
11132 2
11132 3
11132 4
11132 5
11132 6
11132 7
11132 8
11132 9
11132 10
11132 11
11132 12
11132 13
11132 14
11132 15
11132 16
11132 17
11132 18
11132 19
11132 20
11132 21
11132 22
11132 23
11132 24
11132 25
11132 26
11132 27
11132 28
11132 29
11132 30
11132 31
11132 32
11132 33
11132 34
11132 35
11132 36
11132 37
11132 38
11132 39
11132 40
11132 41
11132 42
11132 43
11132 44
11132 45
11132 46
11132 47
11132 48
11132 49
11132 50
11132 51
11132 52
11132 53
11132 54
11132 55
11132 56
11132 57
11132 58
11132 59
11132 60
11132 61
11132 62
11132 63
11132 64
11132 65
11132 66
11132 67
11132 68
11132 69
11132 70
11132 71
11132 72
11132 73
11132 74
11132 75
11132 76
11133 0
11133 1
11133 2
11133 3
11134 0
11134 1
11137 0
11137 1
11138 0
11138 1
11139 0
11139 1
11139 2
11139 3
11139 4
11139 5
11139 6
11139 7
11139 8
11139 9
11139 10
11142 0
11142 1
11142 2
11142 3
11142 4
11142 5
11142 6
11142 7
11142 8
11142 9
11142 10
11142 11
11142 12
11142 13
11142 14
11142 15
11142 16
11142 17
11142 18
11142 19
11142 20
11142 21
11142 22
11143 0
11143 1
11143 2
11143 3
11143 4
11143 5
11143 6
11143 7
11143 8
11143 9
11143 10
11143 11
11143 12
11143 13
11143 14
11143 15
11143 16
11143 17
11143 18
11143 19
11143 20
11143 21
11143 22
11143 23
11143 24
11143 25
11143 26
11143 27
11143 28
11143 29
11144 0
11144 1
11144 2
11144 3
11144 4
11144 5
11144 6
11144 7
11144 8
11144 9
11144 10
11144 11
11144 12
11144 13
11144 14
11144 15
11144 16
11144 17
11144 18
11144 19
11144 20
11144 21
11144 22
11144 23
11144 24
11144 25
11144 26
11144 27
11144 28
11144 29
11144 30
11144 31
11144 32
11144 33
11144 34
11144 35
11144 36
11144 37
11144 38
11144 39
11144 40
11144 41
11144 42
11144 43
11144 44
11144 45
11144 46
11144 47
11144 48
11144 49
11144 50
11144 51
11145 0
11145 1
11145 2
11145 3
11145 4
11146 0
11146 1
11146 2
11146 3
11146 4
11146 5
11146 6
11146 7
11146 8
11146 9
11146 10
11146 11
11146 12
11146 13
11146 14
11146 15
11146 16
11146 17
11146 18
11146 19
11146 20
11146 21
11146 22
11146 23
11146 24
11146 25
11146 26
11146 27
11146 28
11146 29
11146 30
11146 31
11146 32
11147 0
11147 1
11147 2
11147 3
11147 4
11147 5
11147 6
11147 7
11147 8
11147 9
11147 10
11147 11
11147 12
11147 13
11148 0
11148 1
11148 2
11149 0
11149 1
11149 2
11149 3
11149 4
11150 0
11150 1
11150 2
11150 3
11150 4
11150 5
11150 6
11150 7
11150 8
11150 9
11151 0
11152 0
11152 1
11152 2
11152 3
11152 4
11152 5
11152 6
11152 7
11152 8
11152 9
11152 10
11152 11
11152 12
11152 13
11152 14
11153 0
11153 1
11153 2
11154 0
11154 1
11154 2
11154 3
11154 4
11154 5
11154 6
11154 7
11154 8
11154 9
11154 10
11154 11
11154 12
11154 13
11155 0
11155 1
11155 2
11155 3
11155 4
11156 0
11156 1
11156 2
11157 0
11157 1
11157 2
11157 3
11157 4
11157 5
11157 6
11157 7
11157 8
11157 9
11157 10
11158 0
11158 1
11158 2
11158 3
11158 4
11158 5
11158 6
11158 7
11159 0
11159 1
11159 2
11159 3
11159 4
11159 5
11159 6
11159 7
11159 8
11159 9
11159 10
11159 11
11159 12
11159 13
11159 14
11159 15
11159 16
11159 17
11159 18
11159 19
11159 20
11159 21
11159 22
11159 23
11159 24
11159 25
11159 26
11159 27
11159 28
11159 29
11159 30
11160 0
11161 0
11161 1
11161 2
11161 3
11161 4
11161 5
11161 6
11161 7
11161 8
11161 9
11161 10
11161 11
11161 12
11161 13
11161 14
11161 15
11161 16
11161 17
11161 18
11161 19
11161 20
11161 21
11161 22
11161 23
11161 24
11161 25
11161 26
11161 27
11161 28
11162 0
11162 1
11162 2
11162 3
11162 4
11162 5
11162 6
11162 7
11162 8
11162 9
11162 10
11162 11
11162 12
11164 0
11164 1
11164 2
11164 3
11164 4
11164 5
11164 6
11164 7
11164 8
11164 9
11165 0
11165 1
11165 2
11165 3
11165 4
11165 5
11165 6
11165 7
11165 8
11165 9
11165 10
11165 11
11165 12
11165 13
11165 14
11165 15
11165 16
11165 17
11165 18
11165 19
11165 20
11165 21
11165 22
11165 23
11165 24
11165 25
11165 26
11165 27
11165 28
11165 29
11165 30
11165 31
11165 32
11165 33
11165 34
11165 35
11165 36
11165 37
11165 38
11165 39
11165 40
11165 41
11165 42
11165 43
11165 44
11165 45
11165 46
11165 47
11165 48
11165 49
11165 50
11165 51
11165 52
11165 53
11165 54
11165 55
11165 56
11165 57
11165 58
11165 59
11165 60
11165 61
11165 62
11165 63
11165 64
11166 0
11166 1
11166 2
11166 3
11166 4
11166 5
11166 6
11166 7
11166 8
11166 9
11166 10
11166 11
11166 12
11166 13
11166 14
11166 15
11166 16
11166 17
11166 18
11166 19
11166 20
11166 21
11166 22
11166 23
11166 24
11166 25
11166 26
11166 27
11166 28
11166 29
11166 30
11166 31
11166 32
11166 33
11166 34
11166 35
11166 36
11166 37
11167 0
11167 1
11167 2
11167 3
11167 4
11167 5
11167 6
11167 7
11167 8
11167 9
11167 10
11170 0
11170 1
11170 2
11171 0
11172 0
11172 1
11173 0
11174 0
11175 0
11175 1
11175 2
11175 3
11175 4
11175 5
11175 6
11176 0
11176 1
11176 2
11176 3
11176 4
11176 5
11176 6
11176 7
11176 8
11176 9
11176 10
11176 11
11176 12
11176 13
11176 14
11176 15
11176 16
11176 17
11176 18
11176 19
11176 20
11176 21
11176 22
11176 23
11176 24
11176 25
11176 26
11176 27
11176 28
11176 29
11176 30
11176 31
11176 32
11176 33
11176 34
11176 35
11177 0
11177 1
11177 2
11177 3
11177 4
11177 5
11177 6
11177 7
11177 8
11177 9
11178 0
11179 0
11180 0
11181 0
11181 1
11182 0
11183 0
11184 0
11185 0
11185 1
11185 2
11186 0
11186 1
11186 2
11187 0
11187 1
11187 2
11187 3
11187 4
11188 0
11188 1
11191 0
11192 0
11192 1
11192 2
11192 3
11192 4
11192 5
11192 6
11193 0
11193 1
11193 2
11193 3
11193 4
11193 5
11193 6
11193 7
11193 8
11193 9
11193 10
11193 11
11193 12
11193 13
11193 14
11194 0
11194 1
11194 2
11195 0
11195 1
11195 2
11195 3
11195 4
11195 5
11195 6
11195 7
11195 8
11195 9
11195 10
11195 11
11195 12
11195 13
11195 14
11195 15
11195 16
11195 17
11195 18
11195 19
11195 20
11195 21
11195 22
11195 23
11195 24
11195 25
11195 26
11195 27
11196 0
11196 1
11196 2
11196 3
11196 4
11196 5
11196 6
11196 7
11196 8
11196 9
11196 10
11196 11
11196 12
11196 13
11196 14
11196 15
11196 16
11197 0
11198 0
11198 1
11198 2
11198 3
11198 4
11198 5
11198 6
11198 7
11198 8
11198 9
11198 10
11198 11
11198 12
11198 13
11198 14
11198 15
11199 0
11199 1
11199 2
11199 3
11199 4
11199 5
11199 6
11199 7
11199 8
11199 9
11199 10
11199 11
11199 12
11199 13
11199 14
11199 15
11199 16
11199 17
11199 18
11199 19
11199 20
11199 21
11199 22
11200 0
11201 0
11201 1
11202 0
11202 1
11202 2
11202 3
11202 4
11202 5
11202 6
11202 7
11202 8
11202 9
11202 10
11202 11
11203 0
11203 1
11203 2
11203 3
11203 4
11203 5
11203 6
11203 7
11203 8
11203 9
11203 10
11203 11
11203 12
11203 13
11203 14
11203 15
11203 16
11203 17
11203 18
11203 19
11203 20
11203 21
11203 22
11203 23
11203 24
11203 25
11203 26
11203 27
11203 28
11203 29
11203 30
11203 31
11203 32
11203 33
11203 34
11203 35
11203 36
11203 37
11203 38
11203 39
11203 40
11203 41
11203 42
11203 43
11203 44
11203 45
11203 46
11203 47
11203 48
11204 0
11204 1
11204 2
11204 3
11204 4
11204 5
11204 6
11204 7
11204 8
11204 9
11204 10
11204 11
11204 12
11204 13
11204 14
11204 15
11205 0
11205 1
11205 2
11205 3
11205 4
11205 5
11205 6
11205 7
11205 8
11205 9
11205 10
11205 11
11205 12
11205 13
11205 14
11205 15
11205 16
11205 17
11205 18
11205 19
11205 20
11205 21
11205 22
11205 23
11205 24
11205 25
11205 26
11205 27
11205 28
11205 29
11205 30
11205 31
11205 32
11205 33
11205 34
11205 35
11205 36
11205 37
11205 38
11205 39
11205 40
11205 41
11205 42
11206 0
11206 1
11206 2
11206 3
11206 4
11206 5
11206 6
11206 7
11206 8
11206 9
11206 10
11206 11
11206 12
11206 13
11206 14
11206 15
11206 16
11206 17
11206 18
11206 19
11206 20
11206 21
11206 22
11206 23
11206 24
11207 0
11207 1
11207 2
11207 3
11207 4
11207 5
11207 6
11207 7
11207 8
11207 9
11207 10
11207 11
11208 0
11208 1
11208 2
11208 3
11208 4
11208 5
11208 6
11208 7
11208 8
11208 9
11208 10
11209 0
11209 1
11209 2
11209 3
11209 4
11209 5
11209 6
11209 7
11209 8
11209 9
11209 10
11209 11
11209 12
11209 13
11209 14
11212 0
11212 1
11212 2
11212 3
11212 4
11212 5
11212 6
11212 7
11212 8
11212 9
11212 10
11212 11
11212 12
11212 13
11212 14
11212 15
11212 16
11212 17
11212 18
11212 19
11212 20
11212 21
11212 22
11212 23
11212 24
11212 25
11212 26
11212 27
11212 28
11212 29
11212 30
11212 31
11212 32
11212 33
11212 34
11212 35
11213 0
11213 1
11213 2
11213 3
11213 4
11213 5
11213 6
11213 7
11213 8
11213 9
11213 10
11213 11
11213 12
11213 13
11213 14
11213 15
11213 16
11213 17
11213 18
11213 19
11213 20
11214 0
11215 0
11215 1
11215 2
11216 0
11216 1
11216 2
11216 3
11216 4
11216 5
11216 6
11216 7
11216 8
11216 9
11216 10
11216 11
11216 12
11216 13
11217 0
11217 1
11217 2
11217 3
11217 4
11217 5
11218 0
11218 1
11218 2
11218 3
11218 4
11219 0
11219 1
11219 2
11220 0
11220 1
11220 2
11220 3
11220 4
11220 5
11220 6
11220 7
11220 8
11220 9
11220 10
11220 11
11220 12
11220 13
11220 14
11220 15
11220 16
11220 17
11220 18
11220 19
11220 20
11220 21
11221 0
11221 1
11221 2
11221 3
11221 4
11221 5
11221 6
11221 7
11221 8
11221 9
11221 10
11221 11
11221 12
11221 13
11221 14
11221 15
11221 16
11221 17
11222 0
11222 1
11222 2
11222 3
11222 4
11222 5
11222 6
11222 7
11223 0
11223 1
11223 2
11223 3
11223 4
11223 5
11223 6
11223 7
11223 8
11224 0
11224 1
11224 2
11224 3
11224 4
11224 5
11224 6
11224 7
11224 8
11224 9
11224 10
11224 11
11224 12
11224 13
11224 14
11225 0
11225 1
11225 2
11225 3
11225 4
11225 5
11225 6
11225 7
11225 8
11225 9
11225 10
11225 11
11225 12
11225 13
11225 14
11225 15
11225 16
11225 17
11225 18
11225 19
11225 20
11225 21
11225 22
11225 23
11226 0
11226 1
11226 2
11226 3
11226 4
11227 0
11227 1
11227 2
11227 3
11227 4
11227 5
11227 6
11227 7
11227 8
11227 9
11227 10
11227 11
11227 12
11228 0
11228 1
11228 2
11228 3
11228 4
11228 5
11228 6
11228 7
11228 8
11228 9
11228 10
11228 11
11228 12
11228 13
11229 0
11229 1
11229 2
11229 3
11229 4
11229 5
11229 6
11229 7
11229 8
11229 9
11229 10
11229 11
11229 12
11229 13
11229 14
11230 0
11231 0
11231 1
11231 2
11231 3
11231 4
11231 5
11231 6
11231 7
11231 8
11231 9
11231 10
11231 11
11231 12
11231 13
11231 14
11231 15
11231 16
11231 17
11231 18
11231 19
11231 20
11231 21
11231 22
11231 23
11231 24
11231 25
11231 26
11232 0
11232 1
11232 2
11233 0
11233 1
11233 2
11233 3
11234 0
11234 1
11234 2
11234 3
11234 4
11234 5
11234 6
11234 7
11234 8
11234 9
11234 10
11234 11
11234 12
11234 13
11234 14
11234 15
11234 16
11234 17
11234 18
11234 19
11234 20
11234 21
11234 22
11234 23
11234 24
11234 25
11234 26
11234 27
11234 28
11234 29
11234 30
11234 31
11234 32
11234 33
11234 34
11234 35
11234 36
11234 37
11234 38
11234 39
11234 40
11234 41
11234 42
11234 43
11234 44
11234 45
11234 46
11234 47
11234 48
11234 49
11234 50
11234 51
11234 52
11234 53
11234 54
11234 55
11234 56
11234 57
11234 58
11234 59
11234 60
11234 61
11234 62
11234 63
11234 64
11234 65
11236 0
11236 1
11236 2
11236 3
11237 0
11237 1
11237 2
11238 0
11238 1
11238 2
11238 3
11239 0
11239 1
11239 2
11239 3
11239 4
11239 5
11239 6
11239 7
11239 8
11239 9
11239 10
11239 11
11239 12
11239 13
11239 14
11239 15
11239 16
11239 17
11239 18
11239 19
11239 20
11239 21
11239 22
11239 23
11239 24
11239 25
11239 26
11239 27
11239 28
11239 29
11239 30
11239 31
11239 32
11294 16
11294 17
11294 18
11294 19
11294 20
11294 21
11295 0
11295 1
11295 2
11296 0
11297 0
11297 1
11297 2
11297 3
11298 0
11298 1
11298 2
11298 3
11298 4
11298 5
11298 6
11298 7
11298 8
11298 9
11298 10
11298 11
11298 12
11298 13
11298 14
11298 15
11298 16
11298 17
11299 0
11299 1
11301 0
11301 1
11301 2
11301 3
11301 4
11301 5
11301 6
11301 7
11301 8
11301 9
11301 10
11301 11
11301 12
11301 13
11301 14
11301 15
11301 16
11301 17
11301 18
11301 19
11301 20
11301 21
11301 22
11301 23
11301 24
11301 25
11301 26
11301 27
11301 28
11301 29
11301 30
11301 31
11301 32
11301 33
11301 34
11301 35
11301 36
11302 0
11302 1
11302 2
11302 3
11302 4
11302 5
11302 6
11302 7
11302 8
11302 9
11302 10
11302 11
11302 12
11302 13
11302 14
11302 15
11302 16
11303 0
11303 1
11303 2
11303 3
11303 4
11303 5
11303 6
11304 0
11304 1
11304 2
11304 3
11304 4
11304 5
11304 6
11304 7
11304 8
11304 9
11304 10
11304 11
11304 12
11304 13
11304 14
11304 15
11304 16
11304 17
11305 0
11305 1
11305 2
11305 3
11306 0
11306 1
11306 2
11306 3
11306 4
11308 0
11308 1
11308 2
11308 3
11308 4
11308 5
11308 6
11308 7
11308 8
11308 9
11308 10
11308 11
11308 12
11308 13
11308 14
11309 0
11310 0
11310 1
11310 2
11310 3
11310 4
11310 5
11310 6
11310 7
11311 0
11311 1
11311 2
11311 3
11311 4
11311 5
11311 6
11311 7
11311 8
11311 9
11311 10
11311 11
11311 12
11311 13
11314 0
11314 1
11314 2
11315 0
11315 1
11315 2
11315 3
11315 4
11315 5
11315 6
11315 7
11315 8
11315 9
11315 10
11315 11
11315 12
11315 13
11315 14
11315 15
11315 16
11315 17
11315 18
11315 19
11315 20
11315 21
11315 22
11315 23
11315 24
11315 25
11315 26
11315 27
11315 28
11315 29
11315 30
11315 31
11315 32
11315 33
11315 34
11315 35
11315 36
11315 37
11315 38
11316 0
11316 1
11316 2
11316 3
11316 4
11317 0
11317 1
11317 2
11317 3
11318 0
11318 1
11318 2
11318 3
11318 4
11318 5
11319 0
11319 1
11319 2
11319 3
11319 4
11319 5
11319 6
11319 7
11319 8
11319 9
11319 10
11319 11
11319 12
11319 13
11320 0
11320 1
11320 2
11320 3
11320 4
11320 5
11320 6
11320 7
11320 8
11320 9
11321 0
11321 1
11321 2
11321 3
11321 4
11322 0
11322 1
11322 2
11322 3
11322 4
11322 5
11322 6
11322 7
11322 8
11322 9
11322 10
11322 11
11322 12
11323 0
11323 1
11323 2
11324 0
11324 1
11324 2
11324 3
11324 4
11324 5
11324 6
11324 7
11324 8
11324 9
11324 10
11324 11
11324 12
11324 13
11324 14
11327 0
11328 0
11328 1
11328 2
11328 3
11328 4
11328 5
11328 6
11328 7
11328 8
11328 9
11328 10
11328 11
11328 12
11328 13
11328 14
11328 15
11328 16
11328 17
11328 18
11328 19
11328 20
11328 21
11328 22
11328 23
11328 24
11328 25
11328 26
11328 27
11328 28
11328 29
11328 30
11328 31
11328 32
11328 33
11328 34
11328 35
11328 36
11328 37
11328 38
11328 39
11328 40
11328 41
11328 42
11328 43
11328 44
11328 45
11328 46
11328 47
11328 48
11328 49
11328 50
11328 51
11328 52
11328 53
11328 54
11328 55
11328 56
11328 57
11328 58
11328 59
11328 60
11328 61
11328 62
11328 63
11328 64
11328 65
11328 66
11328 67
11328 68
11328 69
11328 70
11328 71
11328 72
11328 73
11328 74
11328 75
11328 76
11328 77
11328 78
11328 79
11328 80
11328 81
11328 82
11328 83
11328 84
11328 85
11328 86
11328 87
11328 88
11328 89
11328 90
11328 91
11328 92
11328 93
11328 94
11328 95
11328 96
11328 97
11328 98
11328 99
11328 100
11328 101
11328 102
11328 103
11328 104
11329 0
11329 1
11329 2
11329 3
11329 4
11329 5
11329 6
11329 7
11329 8
11329 9
11329 10
11329 11
11329 12
11329 13
11329 14
11329 15
11329 16
11329 17
11329 18
11329 19
11329 20
11329 21
11329 22
11329 23
11329 24
11329 25
11329 26
11329 27
11329 28
11329 29
11329 30
11329 31
11329 32
11329 33
11329 34
11329 35
11329 36
11329 37
11329 38
11329 39
11329 40
11329 41
11329 42
11329 43
11329 44
11332 0
11332 1
11332 2
11332 3
11332 4
11332 5
11332 6
11332 7
11332 8
11332 9
11332 10
11333 0
11333 1
11334 0
11334 1
11334 2
11334 3
11334 4
11334 5
11335 0
11335 1
11335 2
11335 3
11336 0
11336 1
11336 2
11336 3
11336 4
11336 5
11336 6
11336 7
11336 8
11336 9
11336 10
11336 11
11336 12
11336 13
11336 14
11337 0
11338 0
11338 1
11338 2
11338 3
11338 4
11338 5
11338 6
11338 7
11338 8
11338 9
11338 10
11338 11
11338 12
11338 13
11338 14
11338 15
11338 16
11338 17
11338 18
11338 19
11340 0
11340 1
11340 2
11340 3
11340 4
11341 0
11341 1
11341 2
11341 3
11341 4
11341 5
11342 0
11343 0
11343 1
11344 0
11344 1
11344 2
11344 3
11344 4
11344 5
11344 6
11344 7
11344 8
11344 9
11344 10
11344 11
11344 12
11344 13
11344 14
11344 15
11344 16
11344 17
11344 18
11344 19
11344 20
11344 21
11344 22
11344 23
11344 24
11344 25
11344 26
11344 27
11344 28
11344 29
11344 30
11344 31
11344 32
11344 33
11344 34
11344 35
11344 36
11344 37
11344 38
11344 39
11344 40
11344 41
11344 42
11344 43
11344 44
11344 45
11344 46
11412 5
11412 6
11412 7
11412 8
11412 9
11412 10
11412 11
11412 12
11412 13
11412 14
11412 15
11412 16
11412 17
11412 18
11412 19
11412 20
11412 21
11412 22
11412 23
11413 0
11413 1
11413 2
11413 3
11413 4
11413 5
11413 6
11413 7
11413 8
11413 9
11414 0
11414 1
11414 2
11415 0
11416 0
11417 0
11417 1
11417 2
11417 3
11418 0
11418 1
11418 2
11418 3
11418 4
11418 5
11418 6
11420 0
11420 1
11420 2
11420 3
11420 4
11420 5
11420 6
11420 7
11420 8
11420 9
11420 10
11420 11
11420 12
11420 13
11420 14
11420 15
11420 16
11420 17
11420 18
11420 19
11420 20
11420 21
11420 22
11420 23
11420 24
11420 25
11420 26
11420 27
11420 28
11420 29
11420 30
11420 31
11420 32
11420 33
11420 34
11420 35
11420 36
11420 37
11420 38
11420 39
11420 40
11420 41
11420 42
11420 43
11420 44
11420 45
11420 46
11420 47
11420 48
11422 0
11422 1
11422 2
11423 0
11423 1
11423 2
11423 3
11423 4
11424 0
11424 1
11424 2
11424 3
11424 4
11424 5
11424 6
11424 7
11424 8
11424 9
11424 10
11424 11
11424 12
11424 13
11424 14
11424 15
11424 16
11424 17
11424 18
11424 19
11426 0
11426 1
11426 2
11426 3
11426 4
11426 5
11426 6
11426 7
11426 8
11426 9
11426 10
11426 11
11426 12
11426 13
11426 14
11426 15
11426 16
11426 17
11426 18
11426 19
11426 20
11426 21
11426 22
11426 23
11426 24
11426 25
11426 26
11427 0
11427 1
11427 2
11427 3
11427 4
11428 0
11428 1
11428 2
11428 3
11428 4
11428 5
11430 0
11430 1
11430 2
11430 3
11430 4
11430 5
11430 6
11430 7
11430 8
11430 9
11430 10
11430 11
11430 12
11430 13
11430 14
11430 15
11430 16
11430 17
11430 18
11430 19
11431 0
11431 1
11431 2
11431 3
11431 4
11431 5
11431 6
11431 7
11431 8
11431 9
11431 10
11431 11
11431 12
11431 13
11431 14
11434 0
11434 1
11434 2
11434 3
11434 4
11434 5
11434 6
11434 7
11435 0
11435 1
11435 2
11436 0
11436 1
11436 2
11436 3
11436 4
11437 0
11437 1
11437 2
11437 3
11437 4
11437 5
11437 6
11437 7
11437 8
11437 9
11437 10
11437 11
11437 12
11437 13
11437 14
11437 15
11437 16
11437 17
11437 18
11437 19
11437 20
11437 21
11437 22
11437 23
11437 24
11437 25
11437 26
11437 27
11437 28
11437 29
11437 30
11437 31
11437 32
11437 33
11437 34
11437 35
11437 36
11437 37
11437 38
11437 39
11437 40
11437 41
11437 42
11437 43
11437 44
11437 45
11437 46
11438 0
11438 1
11438 2
11438 3
11438 4
11438 5
11438 6
11438 7
11438 8
11438 9
11438 10
11438 11
11438 12
11438 13
11438 14
11438 15
11438 16
11438 17
11438 18
11439 0
11440 0
11440 1
11440 2
11440 3
11440 4
11440 5
11440 6
11440 7
11440 8
11440 9
11440 10
11440 11
11440 12
11440 13
11440 14
11440 15
11441 0
11441 1
11441 2
11441 3
11441 4
11441 5
11441 6
11441 7
11441 8
11441 9
11441 10
11441 11
11441 12
11441 13
11441 14
11441 15
11442 0
11442 1
11442 2
11442 3
11442 4
11442 5
11442 6
11442 7
11442 8
11442 9
11443 0
11444 0
11444 1
11445 0
11445 1
11446 0
11446 1
11449 0
11449 1
11449 2
11449 3
11449 4
11449 5
11449 6
11449 7
11449 8
11449 9
11449 10
11449 11
11449 12
11449 13
11449 14
11449 15
11449 16
11449 17
11449 18
11449 19
11449 20
11449 21
11449 22
11449 23
11449 24
11449 25
11449 26
11449 27
11449 28
11449 29
11450 0
11450 1
11450 2
11450 3
11450 4
11450 5
11450 6
11450 7
11450 8
11450 9
11450 10
11450 11
11450 12
11450 13
11450 14
11451 0
11451 1
11451 2
11451 3
11451 4
11451 5
11451 6
11451 7
11451 8
11451 9
11451 10
11451 11
11451 12
11451 13
11451 14
11452 0
11452 1
11452 2
11452 3
11452 4
11452 5
11452 6
11452 7
11452 8
11452 9
11452 10
11452 11
11452 12
11452 13
11452 14
11452 15
11452 16
11452 17
11452 18
11452 19
11452 20
11452 21
11452 22
11452 23
11452 24
11452 25
11452 26
11452 27
11452 28
11452 29
11452 30
11452 31
11452 32
11452 33
11452 34
11452 35
11452 36
11452 37
11452 38
11452 39
11452 40
11452 41
11452 42
11452 43
11452 44
11452 45
11452 46
11452 47
11452 48
11452 49
11452 50
11452 51
11452 52
11452 53
11452 54
11453 0
11453 1
11453 2
11453 3
11453 4
11453 5
11453 6
11453 7
11453 8
11453 9
11454 0
11454 1
11454 2
11454 3
11454 4
11454 5
11454 6
11455 0
11455 1
11455 2
11455 3
11455 4
11455 5
11455 6
11455 7
11455 8
11455 9
11455 10
11455 11
11455 12
11455 13
11455 14
11455 15
11455 16
11455 17
11455 18
11455 19
11455 20
11455 21
11455 22
11455 23
11455 24
11455 25
11455 26
11455 27
11455 28
11455 29
11455 30
11455 31
11456 0
11456 1
11456 2
11456 3
11456 4
11456 5
11456 6
11456 7
11456 8
11456 9
11456 10
11456 11
11456 12
11457 0
11457 1
11457 2
11457 3
11457 4
11458 0
11458 1
11458 2
11458 3
11458 4
11458 5
11458 6
11458 7
11458 8
11458 9
11458 10
11458 11
11458 12
11458 13
11458 14
11459 0
11459 1
11459 2
11459 3
11459 4
11459 5
11459 6
11459 7
11459 8
11459 9
11459 10
11460 0
11460 1
11460 2
11460 3
11460 4
11460 5
11460 6
11460 7
11460 8
11460 9
11460 10
11460 11
11460 12
11460 13
11460 14
11460 15
11460 16
11460 17
11460 18
11460 19
11460 20
11460 21
11460 22
11460 23
11460 24
11460 25
11460 26
11460 27
11460 28
11460 29
11460 30
11460 31
11460 32
11460 33
11460 34
11460 35
11460 36
11460 37
11460 38
11460 39
11460 40
11460 41
11460 42
11460 43
11460 44
11460 45
11460 46
11460 47
11460 48
11460 49
11460 50
11460 51
11460 52
11460 53
11460 54
11460 55
11460 56
11460 57
11460 58
11460 59
11460 60
11460 61
11460 62
11460 63
11460 64
11460 65
11460 66
11460 67
11460 68
11460 69
11461 0
11462 0
11463 0
11463 1
11463 2
11463 3
11463 4
11463 5
11463 6
11463 7
11463 8
11463 9
11463 10
11463 11
11463 12
11463 13
11463 14
11463 15
11463 16
11463 17
11463 18
11463 19
11463 20
11463 21
11463 22
11463 23
11463 24
11463 25
11463 26
11463 27
11463 28
11463 29
11463 30
11463 31
11463 32
11463 33
11463 34
11463 35
11463 36
11463 37
11463 38
11463 39
11463 40
11464 0
11464 1
11464 2
11464 3
11464 4
11464 5
11464 6
11464 7
11464 8
11464 9
11464 10
11464 11
11464 12
11464 13
11464 14
11464 15
11464 16
11464 17
11464 18
11464 19
11464 20
11464 21
11464 22
11467 0
11467 1
11467 2
11467 3
11468 0
11469 0
11469 1
11470 0
11470 1
11470 2
11470 3
11470 4
11470 5
11470 6
11473 0
11473 1
11473 2
11473 3
11473 4
11473 5
11474 0
11474 1
11474 2
11474 3
11474 4
11474 5
11474 6
11474 7
11474 8
11474 9
11474 10
11474 11
11474 12
11474 13
11474 14
11474 15
11474 16
11474 17
11474 18
11474 19
11474 20
11474 21
11474 22
11474 23
11474 24
11474 25
11474 26
11474 27
11474 28
11475 0
11475 1
11475 2
11475 3
11475 4
11475 5
11475 6
11475 7
11475 8
11475 9
11475 10
11475 11
11475 12
11475 13
11475 14
11475 15
11475 16
11475 17
11475 18
11475 19
11475 20
11475 21
11475 22
11475 23
11475 24
11475 25
11475 26
11475 27
11475 28
11475 29
11475 30
11475 31
11475 32
11475 33
11475 34
11475 35
11475 36
11475 37
11475 38
11475 39
11475 40
11475 41
11475 42
11475 43
11475 44
11475 45
11475 46
11475 47
11475 48
11475 49
11475 50
11475 51
11475 52
11475 53
11475 54
11475 55
11475 56
11475 57
11475 58
11475 59
11475 60
11475 61
11475 62
11475 63
11475 64
11475 65
11476 0
11476 1
11476 2
11476 3
11476 4
11476 5
11476 6
11476 7
11476 8
11476 9
11476 10
11476 11
11476 12
11476 13
11476 14
11476 15
11476 16
11476 17
11476 18
11476 19
11476 20
11476 21
11476 22
11476 23
11476 24
11476 25
11476 26
11476 27
11476 28
11476 29
11476 30
11476 31
11476 32
11476 33
11476 34
11476 35
11476 36
11476 37
11476 38
11476 39
11477 0
11477 1
11477 2
11477 3
11477 4
11477 5
11477 6
11477 7
11477 8
11477 9
11477 10
11477 11
11478 0
11478 1
11478 2
11478 3
11478 4
11478 5
11478 6
11478 7
11478 8
11478 9
11478 10
11479 0
11479 1
11479 2
11479 3
11479 4
11479 5
11479 6
11479 7
11479 8
11480 0
11480 1
11480 2
11480 3
11480 4
11480 5
11480 6
11480 7
11480 8
11480 9
11480 10
11480 11
11480 12
11480 13
11480 14
11480 15
11480 16
11480 17
11480 18
11480 19
11480 20
11480 21
11480 22
11480 23
11480 24
11480 25
11480 26
11480 27
11480 28
11480 29
11480 30
11480 31
11480 32
11480 33
11480 34
11480 35
11480 36
11480 37
11480 38
11480 39
11480 40
11480 41
11480 42
11480 43
11480 44
11480 45
11480 46
11480 47
11480 48
11480 49
11480 50
11480 51
11480 52
11480 53
11480 54
11480 55
11480 56
11480 57
11480 58
11480 59
11480 60
11480 61
11480 62
11480 63
11480 64
11480 65
11480 66
11480 67
11480 68
11480 69
11480 70
11480 71
11480 72
11480 73
11480 74
11480 75
11480 76
11480 77
11480 78
11480 79
11480 80
11480 81
11480 82
11480 83
11480 84
11480 85
11480 86
11480 87
11482 0
11482 1
11482 2
11482 3
11482 4
11482 5
11482 6
11482 7
11482 8
11482 9
11482 10
11482 11
11482 12
11482 13
11482 14
11482 15
11482 16
11482 17
11482 18
11482 19
11482 20
11482 21
11482 22
11482 23
11482 24
11482 25
11482 26
11482 27
11482 28
11482 29
11482 30
11482 31
11482 32
11482 33
11482 34
11482 35
11482 36
11482 37
11482 38
11482 39
11482 40
11483 0
11483 1
11483 2
11483 3
11483 4
11483 5
11483 6
11483 7
11483 8
11483 9
11483 10
11483 11
11483 12
11483 13
11483 14
11483 15
11483 16
11483 17
11483 18
11483 19
11483 20
11483 21
11483 22
11483 23
11483 24
11483 25
11483 26
11483 27
11483 28
11483 29
11483 30
11483 31
11484 0
11484 1
11484 2
11484 3
11484 4
11489 0
11489 1
11489 2
11489 3
11489 4
11489 5
11489 6
11489 7
11489 8
11489 9
11489 10
11489 11
11489 12
11489 13
11489 14
11489 15
11489 16
11489 17
11489 18
11489 19
11489 20
11489 21
11489 22
11489 23
11489 24
11489 25
11491 0
11491 1
11491 2
11491 3
11491 4
11491 5
11491 6
11491 7
11491 8
11491 9
11491 10
11491 11
11491 12
11491 13
11491 14
11491 15
11491 16
11491 17
11491 18
11491 19
11491 20
11491 21
11491 22
11491 23
11491 24
11491 25
11491 26
11491 27
11491 28
11491 29
11491 30
11491 31
11491 32
11491 33
11491 34
11491 35
11491 36
11491 37
11491 38
11491 39
11491 40
11491 41
11491 42
11491 43
11491 44
11492 0
11492 1
11492 2
11492 3
11492 4
11492 5
11492 6
11492 7
11493 0
11493 1
11493 2
11493 3
11493 4
11493 5
11493 6
11493 7
11493 8
11493 9
11493 10
11495 0
11495 1
11495 2
11495 3
11495 4
11495 5
11495 6
11495 7
11495 8
11495 9
11495 10
11495 11
11495 12
11495 13
11495 14
11495 15
11495 16
11495 17
11495 18
11495 19
11495 20
11495 21
11495 22
11495 23
11495 24
11495 25
11495 26
11495 27
11495 28
11495 29
11495 30
11495 31
11495 32
11495 33
11495 34
11495 35
11495 36
11495 37
11495 38
11495 39
11495 40
11495 41
11495 42
11495 43
11495 44
11495 45
11495 46
11495 47
11495 48
11495 49
11495 50
11495 51
11495 52
11495 53
11495 54
11495 55
11495 56
11495 57
11496 0
11496 1
11496 2
11496 3
11496 4
11496 5
11496 6
11496 7
11496 8
11496 9
11496 10
11496 11
11496 12
11496 13
11496 14
11496 15
11496 16
11496 17
11496 18
11496 19
11496 20
11496 21
11497 0
11497 1
11497 2
11497 3
11497 4
11497 5
11497 6
11497 7
11497 8
11497 9
11498 0
11498 1
11498 2
11498 3
11498 4
11498 5
11498 6
11499 0
11500 0
11500 1
11500 2
11500 3
11500 4
11500 5
11500 6
11500 7
11500 8
11500 9
11500 10
11500 11
11500 12
11501 0
11501 1
11501 2
11501 3
11501 4
11501 5
11501 6
11501 7
11503 0
11503 1
11503 2
11503 3
11503 4
11503 5
11503 6
11503 7
11503 8
11503 9
11503 10
11503 11
11503 12
11503 13
11503 14
11503 15
11503 16
11503 17
11503 18
11503 19
11503 20
11503 21
11503 22
11503 23
11503 24
11503 25
11503 26
11503 27
11503 28
11503 29
11503 30
11503 31
11503 32
11503 33
11503 34
11503 35
11503 36
11503 37
11503 38
11503 39
11503 40
11503 41
11503 42
11503 43
11503 44
11503 45
11503 46
11503 47
11503 48
11503 49
11503 50
11503 51
11503 52
11503 53
11503 54
11503 55
11503 56
11503 57
11503 58
11503 59
11503 60
11503 61
11503 62
11503 63
11503 64
11503 65
11503 66
11503 67
11504 0
11504 1
11504 2
11504 3
11504 4
11504 5
11504 6
11504 7
11504 8
11504 9
11504 10
11504 11
11504 12
11504 13
11504 14
11504 15
11504 16
11504 17
11504 18
11504 19
11504 20
11504 21
11504 22
11504 23
11504 24
11504 25
11504 26
11504 27
11507 0
11507 1
11507 2
11507 3
11507 4
11507 5
11507 6
11507 7
11507 8
11507 9
11507 10
11507 11
11507 12
11507 13
11507 14
11507 15
11507 16
11507 17
11507 18
11507 19
11507 20
11507 21
11507 22
11507 23
11507 24
11507 25
11507 26
11507 27
11507 28
11507 29
11507 30
11507 31
11507 32
11507 33
11507 34
11507 35
11507 36
11507 37
11507 38
11507 39
11507 40
11507 41
11507 42
11507 43
11508 0
11508 1
11508 2
11508 3
11508 4
11508 5
11508 6
11508 7
11508 8
11508 9
11508 10
11508 11
11508 12
11508 13
11509 0
11510 0
11511 0
11514 0
11514 1
11514 2
11514 3
11514 4
11514 5
11514 6
11514 7
11514 8
11514 9
11514 10
11515 0
11515 1
11515 2
11515 3
11515 4
11516 0
11516 1
11516 2
11516 3
11516 4
11516 5
11516 6
11516 7
11516 8
11516 9
11516 10
11516 11
11516 12
11516 13
11516 14
11516 15
11516 16
11516 17
11516 18
11516 19
11517 0
11517 1
11517 2
11517 3
11517 4
11517 5
11517 6
11517 7
11518 0
11518 1
11518 2
11519 0
11519 1
11520 0
11520 1
11521 0
11521 1
11521 2
11521 3
11521 4
11521 5
11521 6
11521 7
11521 8
11521 9
11521 10
11521 11
11521 12
11521 13
11521 14
11521 15
11521 16
11521 17
11521 18
11521 19
11521 20
11521 21
11521 22
11521 23
11521 24
11521 25
11521 26
11521 27
11521 28
11521 29
11521 30
11521 31
11521 32
11521 33
11521 34
11521 35
11521 36
11522 0
11522 1
11522 2
11522 3
11522 4
11522 5
11522 6
11522 7
11522 8
11522 9
11522 10
11522 11
11522 12
11522 13
11522 14
11525 0
11526 0
11526 1
11526 2
11526 3
11526 4
11526 5
11526 6
11526 7
11526 8
11526 9
11526 10
11526 11
11526 12
11526 13
11526 14
11526 15
11526 16
11526 17
11526 18
11527 0
11527 1
11527 2
11527 3
11529 0
11529 1
11529 2
11529 3
11529 4
11529 5
11529 6
11529 7
11529 8
11529 9
11529 10
11529 11
11529 12
11529 13
11529 14
11529 15
11529 16
11529 17
11529 18
11529 19
11529 20
11529 21
11529 22
11529 23
11529 24
11529 25
11529 26
11529 27
11529 28
11529 29
11529 30
11529 31
11529 32
11529 33
11529 34
11529 35
11529 36
11529 37
11529 38
11529 39
11529 40
11529 41
11529 42
11529 43
11529 44
11529 45
11529 46
11529 47
11529 48
11529 49
11529 50
11530 0
11530 1
11530 2
11530 3
11530 4
11530 5
11530 6
11530 7
11530 8
11530 9
11530 10
11530 11
11530 12
11530 13
11530 14
11530 15
11531 0
11532 0
11532 1
11532 2
11532 3
11532 4
11532 5
11532 6
11532 7
11532 8
11532 9
11532 10
11532 11
11532 12
11532 13
11532 14
11532 15
11532 16
11532 17
11532 18
11532 19
11532 20
11532 21
11532 22
11532 23
11532 24
11532 25
11532 26
11532 27
11532 28
11532 29
11532 30
11532 31
11532 32
11532 33
11532 34
11532 35
11532 36
11532 37
11532 38
11532 39
11532 40
11532 41
11532 42
11532 43
11532 44
11532 45
11532 46
11532 47
11532 48
11532 49
11532 50
11532 51
11532 52
11532 53
11532 54
11532 55
11532 56
11532 57
11533 0
11533 1
11533 2
11533 3
11533 4
11533 5
11533 6
11533 7
11533 8
11533 9
11533 10
11533 11
11533 12
11533 13
11533 14
11533 15
11533 16
11533 17
11533 18
11533 19
11533 20
11533 21
11533 22
11533 23
11533 24
11533 25
11533 26
11533 27
11533 28
11533 29
11533 30
11533 31
11533 32
11533 33
11533 34
11533 35
11533 36
11533 37
11533 38
11533 39
11533 40
11533 41
11533 42
11533 43
11533 44
11533 45
11533 46
11533 47
11533 48
11533 49
11533 50
11533 51
11533 52
11533 53
11533 54
11533 55
11533 56
11533 57
11533 58
11533 59
11533 60
11533 61
11533 62
11533 63
11533 64
11533 65
11533 66
11534 0
11534 1
11534 2
11534 3
11534 4
11534 5
11534 6
11534 7
11534 8
11534 9
11534 10
11534 11
11534 12
11534 13
11534 14
11534 15
11534 16
11534 17
11534 18
11534 19
11536 0
11536 1
11536 2
11536 3
11536 4
11536 5
11536 6
11536 7
11536 8
11536 9
11536 10
11536 11
11536 12
11536 13
11536 14
11536 15
11536 16
11536 17
11536 18
11536 19
11536 20
11536 21
11536 22
11536 23
11536 24
11536 25
11536 26
11536 27
11536 28
11536 29
11536 30
11536 31
11536 32
11536 33
11536 34
11536 35
11536 36
11536 37
11536 38
11536 39
11536 40
11536 41
11536 42
11536 43
11536 44
11536 45
11536 46
11537 0
11537 1
11537 2
11537 3
11537 4
11537 5
11537 6
11537 7
11537 8
11537 9
11537 10
11537 11
11537 12
11537 13
11538 0
11538 1
11538 2
11538 3
11538 4
11538 5
11538 6
11538 7
11538 8
11538 9
11538 10
11538 11
11538 12
11538 13
11538 14
11538 15
11538 16
11538 17
11538 18
11538 19
11538 20
11538 21
11538 22
11539 0
11539 1
11539 2
11539 3
11539 4
11539 5
11539 6
11539 7
11539 8
11539 9
11539 10
11539 11
11539 12
11539 13
11539 14
11539 15
11539 16
11539 17
11539 18
11539 19
11539 20
11539 21
11539 22
11539 23
11539 24
11539 25
11539 26
11539 27
11539 28
11539 29
11539 30
11539 31
11540 0
11540 1
11540 2
11540 3
11540 4
11540 5
11540 6
11540 7
11540 8
11540 9
11540 10
11540 11
11540 12
11540 13
11540 14
11540 15
11540 16
11540 17
11540 18
11540 19
11540 20
11540 21
11540 22
11540 23
11540 24
11540 25
11540 26
11540 27
11540 28
11540 29
11540 30
11540 31
11540 32
11540 33
11540 34
11540 35
11540 36
11540 37
11540 38
11540 39
11540 40
11540 41
11540 42
11540 43
11540 44
11540 45
11540 46
11540 47
11540 48
11540 49
11540 50
11540 51
11540 52
11540 53
11540 54
11540 55
11540 56
11540 57
11540 58
11540 59
11540 60
11540 61
11540 62
11541 0
11541 1
11541 2
11541 3
11541 4
11541 5
11541 6
11541 7
11541 8
11541 9
11541 10
11541 11
11541 12
11541 13
11541 14
11541 15
11541 16
11541 17
11541 18
11541 19
11541 20
11541 21
11541 22
11541 23
11541 24
11541 25
11541 26
11541 27
11541 28
11541 29
11541 30
11541 31
11541 32
11541 33
11541 34
11541 35
11541 36
11541 37
11541 38
11541 39
11541 40
11541 41
11541 42
11541 43
11541 44
11541 45
11541 46
11541 47
11541 48
11541 49
11541 50
11542 0
11542 1
11542 2
11542 3
11542 4
11542 5
11542 6
11542 7
11542 8
11542 9
11542 10
11542 11
11542 12
11542 13
11542 14
11542 15
11542 16
11542 17
11542 18
11542 19
11542 20
11542 21
11542 22
11542 23
11542 24
11542 25
11542 26
11542 27
11542 28
11542 29
11542 30
11542 31
11542 32
11542 33
11542 34
11542 35
11542 36
11542 37
11542 38
11542 39
11542 40
11542 41
11542 42
11542 43
11542 44
11542 45
11542 46
11542 47
11542 48
11542 49
11542 50
11542 51
11542 52
11542 53
11542 54
11542 55
11542 56
11542 57
11542 58
11542 59
11542 60
11542 61
11542 62
11542 63
11543 0
11543 1
11543 2
11543 3
11544 0
11544 1
11544 2
11544 3
11544 4
11544 5
11544 6
11544 7
11544 8
11544 9
11544 10
11544 11
11544 12
11544 13
11544 14
11544 15
11544 16
11544 17
11544 18
11544 19
11544 20
11544 21
11544 22
11544 23
11544 24
11544 25
11544 26
11544 27
11544 28
11544 29
11544 30
11544 31
11544 32
11544 33
11544 34
11544 35
11544 36
11544 37
11544 38
11544 39
11544 40
11544 41
11544 42
11544 43
11544 44
11544 45
11544 46
11544 47
11544 48
11544 49
11544 50
11544 51
11544 52
11544 53
11544 54
11544 55
11544 56
11544 57
11544 58
11544 59
11544 60
11544 61
11544 62
11545 0
11545 1
11546 0
11546 1
11546 2
11546 3
11546 4
11546 5
11546 6
11546 7
11546 8
11546 9
11546 10
11546 11
11546 12
11546 13
11546 14
11546 15
11546 16
11546 17
11546 18
11546 19
11546 20
11546 21
11546 22
11546 23
11546 24
11546 25
11546 26
11546 27
11546 28
11546 29
11546 30
11546 31
11546 32
11546 33
11546 34
11546 35
11546 36
11547 0
11547 1
11547 2
11547 3
11547 4
11547 5
11547 6
11547 7
11547 8
11547 9
11547 10
11547 11
11547 12
11547 13
11547 14
11547 15
11547 16
11547 17
11547 18
11548 0
11548 1
11548 2
11548 3
11549 0
11550 0
11551 0
11551 1
11551 2
11551 3
11551 4
11552 0
11553 0
11554 0
11555 0
11557 0
11559 0
11559 1
11559 2
11559 3
11559 4
11559 5
11559 6
11559 7
11559 8
11560 0
11560 1
11560 2
11560 3
11560 4
11560 5
11560 6
11560 7
11560 8
11560 9
11560 10
11560 11
11560 12
11560 13
11560 14
11560 15
11560 16
11560 17
11560 18
11560 19
11561 0
11561 1
11561 2
11561 3
11561 4
11561 5
11561 6
11561 7
11561 8
11561 9
11561 10
11561 11
11561 12
11561 13
11561 14
11561 15
11561 16
11561 17
11561 18
11561 19
11561 20
11561 21
11563 0
11563 1
11563 2
11563 3
11563 4
11563 5
11563 6
11563 7
11563 8
11563 9
11563 10
11563 11
11563 12
11563 13
11563 14
11563 15
11563 16
11563 17
11563 18
11563 19
11563 20
11563 21
11563 22
11563 23
11563 24
11563 25
11563 26
11563 27
11563 28
11563 29
11563 30
11563 31
11563 32
11563 33
11563 34
11563 35
11563 36
11563 37
11563 38
11563 39
11563 40
11563 41
11577 0
11577 1
11577 2
11577 3
11577 4
11577 5
11577 6
11577 7
11577 8
11577 9
11577 10
11577 11
11577 12
11577 13
11577 14
11577 15
11577 16
11577 17
11577 18
11577 19
11577 20
11577 21
11577 22
11577 23
11577 24
11577 25
11577 26
11577 27
11577 28
11577 29
11577 30
11577 31
11577 32
11577 33
11577 34
11577 35
11577 36
11577 37
11577 38
11577 39
11577 40
11578 0
11578 1
11578 2
11579 0
11580 0
11581 0
11582 0
11583 0
11587 0
11588 0
11588 1
11588 2
11588 3
11588 4
11588 5
11588 6
11588 7
11588 8
11588 9
11588 10
11588 11
11589 0
11590 0
11590 1
11591 0
11591 1
11591 2
11591 3
11591 4
11591 5
11591 6
11591 7
11592 0
11592 1
11592 2
11592 3
11592 4
11592 5
11592 6
11592 7
11592 8
11592 9
11592 10
11593 0
11594 0
11594 1
11594 2
11594 3
11594 4
11594 5
11595 0
11595 1
11595 2
11595 3
11595 4
11595 5
11595 6
11595 7
11595 8
11595 9
11595 10
11595 11
11595 12
11595 13
11595 14
11596 0
11596 1
11596 2
11596 3
11597 0
11598 0
11600 0
11601 0
11602 0
11602 1
11603 0
11604 0
11604 1
11605 0
11605 1
11605 2
11605 3
11605 4
11605 5
11605 6
11605 7
11605 8
11605 9
11605 10
11605 11
11605 12
11605 13
11605 14
11605 15
11605 16
11605 17
11606 0
11606 1
11606 2
11606 3
11606 4
11606 5
11606 6
11606 7
11606 8
11606 9
11606 10
11606 11
11606 12
11606 13
11606 14
11606 15
11606 16
11606 17
11606 18
11606 19
11606 20
11606 21
11607 0
11607 1
11607 2
11608 0
11608 1
11608 2
11609 0
11609 1
11610 0
11610 1
11610 2
11610 3
11610 4
11610 5
11611 0
11612 0
11613 0
11613 1
11613 2
11613 3
11613 4
11613 5
11613 6
11613 7
11613 8
11613 9
11613 10
11613 11
11613 12
11613 13
11613 14
11613 15
11613 16
11613 17
11613 18
11613 19
11613 20
11613 21
11613 22
11613 23
11613 24
11613 25
11613 26
11613 27
11613 28
11613 29
11613 30
11613 31
11613 32
11613 33
11613 34
11613 35
11613 36
11613 37
11613 38
11613 39
11614 0
11615 0
11615 1
11615 2
11615 3
11616 0
11616 1
11616 2
11616 3
11616 4
11616 5
11616 6
11616 7
11616 8
11616 9
11616 10
11616 11
11616 12
11619 0
11619 1
11619 2
11619 3
11619 4
11619 5
11619 6
11619 7
11619 8
11619 9
11619 10
11619 11
11619 12
11619 13
11619 14
11619 15
11619 16
11619 17
11619 18
11619 19
11619 20
11619 21
11619 22
11619 23
11619 24
11619 25
11619 26
11619 27
11619 28
11619 29
11619 30
11619 31
11619 32
11619 33
11619 34
11619 35
11620 0
11620 1
11620 2
11620 3
11620 4
11621 0
11621 1
11621 2
11621 3
11621 4
11621 5
11621 6
11621 7
11621 8
11621 9
11621 10
11621 11
11621 12
11621 13
11621 14
11621 15
11621 16
11621 17
11621 18
11621 19
11621 20
11621 21
11621 22
11621 23
11621 24
11621 25
11621 26
11621 27
11621 28
11621 29
11621 30
11621 31
11621 32
11621 33
11621 34
11621 35
11621 36
11621 37
11621 38
11621 39
11621 40
11621 41
11621 42
11621 43
11621 44
11621 45
11621 46
11621 47
11621 48
11621 49
11621 50
11621 51
11621 52
11621 53
11621 54
11621 55
11622 0
11622 1
11622 2
11622 3
11622 4
11622 5
11622 6
11622 7
11622 8
11622 9
11622 10
11622 11
11622 12
11622 13
11622 14
11622 15
11622 16
11622 17
11622 18
11622 19
11622 20
11622 21
11622 22
11623 0
11623 1
11623 2
11623 3
11623 4
11623 5
11623 6
11624 0
11624 1
11624 2
11624 3
11624 4
11624 5
11624 6
11624 7
11624 8
11624 9
11624 10
11624 11
11624 12
11624 13
11624 14
11624 15
11624 16
11624 17
11624 18
11624 19
11624 20
11624 21
11624 22
11624 23
11624 24
11624 25
11624 26
11624 27
11624 28
11624 29
11624 30
11624 31
11624 32
11624 33
11624 34
11624 35
11624 36
11624 37
11624 38
11624 39
11624 40
11624 41
11627 0
11627 1
11627 2
11627 3
11627 4
11627 5
11627 6
11627 7
11627 8
11627 9
11627 10
11627 11
11627 12
11627 13
11627 14
11627 15
11627 16
11627 17
11628 0
11628 1
11628 2
11628 3
11628 4
11630 0
11630 1
11630 2
11630 3
11630 4
11630 5
11630 6
11630 7
11630 8
11630 9
11630 10
11630 11
11630 12
11630 13
11631 0
11631 1
11631 2
11631 3
11631 4
11631 5
11631 6
11631 7
11631 8
11631 9
11631 10
11631 11
11631 12
11631 13
11631 14
11631 15
11631 16
11631 17
11631 18
11632 0
11632 1
11632 2
11632 3
11632 4
11632 5
11632 6
11632 7
11632 8
11632 9
11632 10
11632 11
11632 12
11632 13
11632 14
11632 15
11632 16
11632 17
11632 18
11632 19
11632 20
11632 21
11632 22
11632 23
11632 24
11632 25
11632 26
11632 27
11632 28
11632 29
11632 30
11632 31
11632 32
11632 33
11633 0
11633 1
11633 2
11633 3
11633 4
11633 5
11633 6
11633 7
11633 8
11633 9
11633 10
11633 11
11633 12
11633 13
11633 14
11633 15
11633 16
11633 17
11633 18
11633 19
11633 20
11633 21
11634 0
11634 1
11634 2
11634 3
11634 4
11635 0
11635 1
11636 0
11636 1
11636 2
11637 0
11638 0
11641 0
11641 1
11641 2
11641 3
11641 4
11641 5
11641 6
11641 7
11641 8
11641 9
11641 10
11641 11
11641 12
11641 13
11641 14
11641 15
11641 16
11641 17
11641 18
11641 19
11641 20
11641 21
11641 22
11641 23
11641 24
11641 25
11641 26
11641 27
11641 28
11641 29
11641 30
11641 31
11641 32
11641 33
11641 34
11641 35
11641 36
11641 37
11641 38
11641 39
11641 40
11641 41
11641 42
11641 43
11641 44
11641 45
11641 46
11641 47
11641 48
11641 49
11641 50
11641 51
11641 52
11641 53
11641 54
11641 55
11641 56
11641 57
11641 58
11641 59
11641 60
11641 61
11641 62
11641 63
11641 64
11641 65
11641 66
11641 67
11641 68
11641 69
11641 70
11641 71
11641 72
11641 73
11641 74
11641 75
11641 76
11641 77
11641 78
11641 79
11641 80
11641 81
11641 82
11641 83
11641 84
11641 85
11641 86
11641 87
11641 88
11641 89
11641 90
11641 91
11641 92
11641 93
11641 94
11641 95
11641 96
11641 97
11641 98
11641 99
11641 100
11641 101
11641 102
11641 103
11641 104
11641 105
11641 106
11641 107
11641 108
11641 109
11641 110
11641 111
11641 112
11641 113
11641 114
11641 115
11641 116
11641 117
11641 118
11641 119
11641 120
11641 121
11641 122
11641 123
11641 124
11641 125
11641 126
11641 127
11642 0
11642 1
11642 2
11642 3
11642 4
11642 5
11642 6
11642 7
11642 8
11642 9
11642 10
11642 11
11642 12
11642 13
11642 14
11642 15
11642 16
11642 17
11643 0
11643 1
11643 2
11643 3
11643 4
11643 5
11643 6
11643 7
11643 8
11643 9
11643 10
11643 11
11643 12
11643 13
11643 14
11643 15
11643 16
11643 17
11643 18
11643 19
11643 20
11643 21
11643 22
11643 23
11643 24
11643 25
11643 26
11643 27
11643 28
11643 29
11643 30
11643 31
11643 32
11643 33
11643 34
11643 35
11643 36
11643 37
11643 38
11643 39
11643 40
11643 41
11643 42
11643 43
11643 44
11643 45
11643 46
11643 47
11643 48
11643 49
11643 50
11643 51
11643 52
11643 53
11643 54
11643 55
11643 56
11643 57
11643 58
11643 59
11643 60
11643 61
11643 62
11643 63
11644 0
11644 1
11644 2
11644 3
11644 4
11644 5
11644 6
11644 7
11644 8
11644 9
11644 10
11644 11
11644 12
11644 13
11644 14
11644 15
11644 16
11644 17
11644 18
11644 19
11644 20
11644 21
11644 22
11644 23
11644 24
11644 25
11644 26
11644 27
11644 28
11644 29
11644 30
11644 31
11644 32
11644 33
11644 34
11644 35
11644 36
11644 37
11644 38
11644 39
11644 40
11644 41
11644 42
11644 43
11644 44
11644 45
11644 46
11644 47
11644 48
11644 49
11644 50
11644 51
11644 52
11644 53
11644 54
11644 55
11644 56
11644 57
11644 58
11644 59
11644 60
11644 61
11644 62
11644 63
11644 64
11644 65
11644 66
11644 67
11644 68
11644 69
11644 70
11644 71
11644 72
11644 73
11644 74
11644 75
11644 76
11644 77
11644 78
11645 0
11645 1
11645 2
11645 3
11645 4
11645 5
11645 6
11645 7
11645 8
11645 9
11645 10
11645 11
11645 12
11645 13
11645 14
11645 15
11645 16
11645 17
11645 18
11645 19
11645 20
11645 21
11645 22
11645 23
11645 24
11645 25
11645 26
11645 27
11645 28
11645 29
11645 30
11645 31
11645 32
11645 33
11645 34
11645 35
11645 36
11645 37
11645 38
11645 39
11645 40
11645 41
11645 42
11645 43
11645 44
11645 45
11645 46
11645 47
11645 48
11645 49
11645 50
11645 51
11645 52
11646 0
11646 1
11646 2
11646 3
11646 4
11646 5
11646 6
11646 7
11646 8
11646 9
11646 10
11646 11
11646 12
11646 13
11646 14
11646 15
11646 16
11646 17
11646 18
11646 19
11646 20
11646 21
11646 22
11646 23
11646 24
11646 25
11646 26
11646 27
11646 28
11646 29
11646 30
11646 31
11646 32
11646 33
11646 34
11646 35
11646 36
11646 37
11646 38
11646 39
11646 40
11646 41
11646 42
11646 43
11646 44
11646 45
11646 46
11646 47
11646 48
11646 49
11646 50
11646 51
11646 52
11646 53
11646 54
11647 0
11647 1
11647 2
11647 3
11647 4
11647 5
11650 0
11650 1
11650 2
11650 3
11651 0
11652 0
11656 0
11657 0
11657 1
11657 2
11657 3
11657 4
11657 5
11657 6
11657 7
11657 8
11657 9
11657 10
11657 11
11657 12
11657 13
11657 14
11657 15
11657 16
11657 17
11657 18
11657 19
11657 20
11657 21
11657 22
11657 23
11657 24
11657 25
11657 26
11657 27
11657 28
11657 29
11657 30
11657 31
11657 32
11657 33
11657 34
11657 35
11657 36
11657 37
11657 38
11657 39
11657 40
11657 41
11659 0
11659 1
11659 2
11659 3
11659 4
11659 5
11659 6
11659 7
11659 8
11659 9
11659 10
11659 11
11659 12
11659 13
11659 14
11659 15
11659 16
11659 17
11659 18
11659 19
11659 20
11659 21
11659 22
11659 23
11659 24
11659 25
11659 26
11659 27
11659 28
11659 29
11659 30
11660 0
11660 1
11660 2
11660 3
11660 4
11660 5
11660 6
11660 7
11660 8
11660 9
11660 10
11660 11
11660 12
11660 13
11660 14
11660 15
11660 16
11660 17
11660 18
11660 19
11660 20
11660 21
11660 22
11660 23
11660 24
11660 25
11660 26
11660 27
11660 28
11660 29
11660 30
11660 31
11660 32
11660 33
11660 34
11660 35
11660 36
11660 37
11660 38
11660 39
11660 40
11660 41
11660 42
11660 43
11660 44
11660 45
11660 46
11660 47
11660 48
11660 49
11660 50
11661 0
11661 1
11661 2
11661 3
11661 4
11661 5
11661 6
11661 7
11661 8
11661 9
11661 10
11661 11
11661 12
11661 13
11661 14
11661 15
11661 16
11661 17
11661 18
11662 0
11662 1
11662 2
11662 3
11662 4
11662 5
11662 6
11662 7
11662 8
11662 9
11662 10
11662 11
11663 0
11663 1
11663 2
11663 3
11663 4
11663 5
11663 6
11663 7
11663 8
11663 9
11663 10
11663 11
11664 0
11664 1
11664 2
11664 3
11664 4
11664 5
11664 6
11664 7
11664 8
11664 9
11664 10
11664 11
11664 12
11664 13
11664 14
11664 15
11664 16
11665 0
11666 0
11666 1
11666 2
11666 3
11666 4
11667 0
11667 1
11667 2
11667 3
11667 4
11667 5
11667 6
11667 7
11667 8
11667 9
11667 10
11667 11
11667 12
11667 13
11667 14
11667 15
11667 16
11667 17
11667 18
11667 19
11667 20
11667 21
11667 22
11667 23
11667 24
11667 25
11667 26
11667 27
11667 28
11667 29
11667 30
11667 31
11667 32
11667 33
11667 34
11667 35
11667 36
11667 37
11668 0
11668 1
11668 2
11668 3
11668 4
11668 5
11668 6
11668 7
11668 8
11668 9
11668 10
11668 11
11668 12
11668 13
11668 14
11668 15
11668 16
11668 17
11668 18
11668 19
11668 20
11668 21
11668 22
11668 23
11668 24
11668 25
11668 26
11668 27
11668 28
11668 29
11668 30
11668 31
11668 32
11668 33
11668 34
11668 35
11668 36
11668 37
11668 38
11668 39
11668 40
11668 41
11668 42
11668 43
11668 44
11668 45
11668 46
11668 47
11668 48
11668 49
11668 50
11668 51
11668 52
11668 53
11668 54
11668 55
11668 56
11668 57
11668 58
11668 59
11668 60
11668 61
11668 62
11668 63
11668 64
11668 65
11668 66
11668 67
11668 68
11668 69
11668 70
11668 71
11668 72
11668 73
11668 74
11668 75
11668 76
11668 77
11668 78
11668 79
11668 80
11668 81
11668 82
11668 83
11668 84
11668 85
11668 86
11668 87
11668 88
11668 89
11668 90
11668 91
11668 92
11668 93
11668 94
11668 95
11668 96
11668 97
11668 98
11668 99
11668 100
11668 101
11668 102
11668 103
11668 104
11668 105
11668 106
11668 107
11668 108
11668 109
11668 110
11668 111
11668 112
11668 113
11668 114
11668 115
11668 116
11668 117
11668 118
11668 119
11668 120
11668 121
11668 122
11668 123
11668 124
11668 125
11668 126
11668 127
11668 128
11668 129
11668 130
11668 131
11669 0
11669 1
11669 2
11669 3
11669 4
11669 5
11669 6
11669 7
11669 8
11670 0
11670 1
11670 2
11670 3
11670 4
11670 5
11670 6
11670 7
11670 8
11670 9
11670 10
11670 11
11670 12
11670 13
11670 14
11670 15
11671 0
11671 1
11671 2
11671 3
11671 4
11671 5
11671 6
11671 7
11671 8
11671 9
11671 10
11671 11
11671 12
11671 13
11671 14
11671 15
11671 16
11671 17
11671 18
11671 19
11671 20
11671 21
11671 22
11671 23
11671 24
11671 25
11671 26
11671 27
11671 28
11671 29
11671 30
11671 31
11671 32
11671 33
11674 0
11674 1
11674 2
11675 0
11676 0
11678 0
11678 1
11678 2
11679 0
11679 1
11680 0
11680 1
11680 2
11680 3
11680 4
11680 5
11680 6
11680 7
11680 8
11680 9
11680 10
11680 11
11680 12
11680 13
11680 14
11680 15
11680 16
11680 17
11680 18
11680 19
11680 20
11680 21
11680 22
11680 23
11680 24
11680 25
11680 26
11680 27
11680 28
11680 29
11680 30
11680 31
11680 32
11680 33
11680 34
11680 35
11680 36
11680 37
11680 38
11680 39
11680 40
11680 41
11680 42
11680 43
11680 44
11680 45
11680 46
11680 47
11680 48
11680 49
11680 50
11680 51
11680 52
11680 53
11680 54
11680 55
11680 56
11680 57
11680 58
11680 59
11680 60
11680 61
11680 62
11680 63
11681 0
11681 1
11681 2
11681 3
11681 4
11681 5
11681 6
11681 7
11681 8
11681 9
11681 10
11681 11
11681 12
11681 13
11681 14
11681 15
11681 16
11681 17
11681 18
11681 19
11681 20
11681 21
11681 22
11681 23
11681 24
11681 25
11681 26
11681 27
11681 28
11681 29
11681 30
11681 31
11681 32
11681 33
11681 34
11681 35
11681 36
11681 37
11681 38
11681 39
11681 40
11681 41
11682 0
11682 1
11682 2
11682 3
11682 4
11682 5
11682 6
11682 7
11683 0
11683 1
11683 2
11683 3
11683 4
11683 5
11683 6
11683 7
11683 8
11683 9
11683 10
11683 11
11683 12
11683 13
11683 14
11683 15
11683 16
11683 17
11684 0
11684 1
11684 2
11684 3
11684 4
11684 5
11684 6
11684 7
11684 8
11684 9
11684 10
11684 11
11684 12
11684 13
11684 14
11684 15
11684 16
11684 17
11684 18
11684 19
11684 20
11684 21
11684 22
11684 23
11684 24
11684 25
11684 26
11684 27
11684 28
11684 29
11684 30
11684 31
11684 32
11684 33
11684 34
11684 35
11684 36
11684 37
11684 38
11684 39
11684 40
11684 41
11684 42
11684 43
11684 44
11684 45
11684 46
11684 47
11684 48
11684 49
11684 50
11684 51
11684 52
11684 53
11684 54
11684 55
11684 56
11684 57
11684 58
11684 59
11684 60
11684 61
11684 62
11684 63
11684 64
11684 65
11684 66
11684 67
11684 68
11684 69
11684 70
11684 71
11684 72
11684 73
11684 74
11684 75
11685 0
11685 1
11685 2
11685 3
11685 4
11685 5
11685 6
11685 7
11685 8
11685 9
11685 10
11685 11
11685 12
11685 13
11685 14
11685 15
11685 16
11685 17
11685 18
11685 19
11685 20
11685 21
11685 22
11685 23
11685 24
11685 25
11685 26
11685 27
11685 28
11685 29
11685 30
11685 31
11685 32
11685 33
11685 34
11685 35
11685 36
11685 37
11685 38
11685 39
11685 40
11685 41
11685 42
11685 43
11685 44
11685 45
11685 46
11686 0
11686 1
11686 2
11686 3
11686 4
11686 5
11686 6
11686 7
11686 8
11686 9
11686 10
11686 11
11686 12
11686 13
11686 14
11686 15
11686 16
11686 17
11686 18
11686 19
11686 20
11686 21
11686 22
11686 23
11686 24
11686 25
11687 0
11687 1
11687 2
11687 3
11687 4
11687 5
11687 6
11687 7
11687 8
11687 9
11687 10
11687 11
11687 12
11687 13
11687 14
11687 15
11687 16
11687 17
11687 18
11687 19
11687 20
11687 21
11687 22
11687 23
11687 24
11687 25
11687 26
11687 27
11687 28
11687 29
11687 30
11687 31
11687 32
11687 33
11687 34
11687 35
11687 36
11687 37
11687 38
11687 39
11687 40
11687 41
11687 42
11687 43
11687 44
11687 45
11687 46
11687 47
11687 48
11687 49
11687 50
11687 51
11687 52
11687 53
11687 54
11687 55
11687 56
11687 57
11687 58
11687 59
11687 60
11687 61
11687 62
11687 63
11687 64
11687 65
11687 66
11687 67
11687 68
11687 69
11687 70
11687 71
11687 72
11687 73
11687 74
11687 75
11687 76
11687 77
11687 78
11687 79
11687 80
11687 81
11687 82
11687 83
11687 84
11687 85
11687 86
11687 87
11687 88
11687 89
11687 90
11687 91
11687 92
11687 93
11687 94
11687 95
11687 96
11687 97
11687 98
11687 99
11687 100
11687 101
11687 102
11687 103
11687 104
11687 105
11687 106
11687 107
11687 108
11687 109
11687 110
11687 111
11687 112
11687 113
11687 114
11687 115
11687 116
11687 117
11687 118
11687 119
11687 120
11687 121
11687 122
11687 123
11687 124
11687 125
11687 126
11687 127
