10252 0
10252 1
10252 2
10252 3
10252 4
10252 5
10252 6
10252 7
10252 8
10252 9
10252 10
10252 11
10252 12
10252 13
10252 14
10252 15
10252 16
10252 17
10252 18
10252 19
10252 20
10252 21
10252 22
10252 23
10252 24
10252 25
10252 26
10253 0
10253 1
10253 2
10253 3
10253 4
10253 5
10253 6
10253 7
10253 8
10253 9
10254 0
10254 1
10254 2
10254 3
10254 4
10255 0
10255 1
10256 0
10256 1
10256 2
10256 3
10257 0
10260 0
10260 1
10260 2
10260 3
10260 4
10260 5
10260 6
10260 7
10260 8
10260 9
10260 10
10260 11
10260 12
10260 13
10260 14
10260 15
10260 16
10260 17
10260 18
10260 19
10260 20
10260 21
10260 22
10260 23
10260 24
10260 25
10260 26
10260 27
10261 0
10261 1
10261 2
10261 3
10261 4
10261 5
10261 6
10261 7
10262 0
10262 1
10262 2
10262 3
10262 4
10262 5
10262 6
10262 7
10262 8
10262 9
10262 10
10262 11
10262 12
10263 0
10263 1
10263 2
10263 3
10263 4
10263 5
10263 6
10263 7
10263 8
10263 9
10263 10
10263 11
10263 12
10263 13
10263 14
10263 15
10263 16
10263 17
10263 18
10263 19
10263 20
10263 21
10263 22
10263 23
10263 24
10263 25
10263 26
10263 27
10263 28
10263 29
10263 30
10263 31
10263 32
10263 33
10263 34
10263 35
10264 0
10264 1
10264 2
10264 3
10264 4
10264 5
10264 6
10264 7
10264 8
10264 9
10264 10
10264 11
10264 12
10264 13
10264 14
10264 15
10264 16
10264 17
10264 18
10264 19
10264 20
10264 21
10264 22
10264 23
10264 24
10264 25
10264 26
10264 27
10264 28
10264 29
10264 30
10264 31
10265 0
10265 1
10265 2
10265 3
10265 4
10265 5
10265 6
10265 7
10265 8
10265 9
10266 0
10266 1
10266 2
10266 3
10266 4
10266 5
10267 0
10267 1
10267 2
10267 3
10267 4
10267 5
10267 6
10267 7
10267 8
10267 9
10267 10
10267 11
10267 12
10267 13
10268 0
10269 0
10269 1
10269 2
10269 5
10269 6
10269 7
10269 8
10269 9
10269 10
10269 11
10269 12
10269 13
10269 14
10269 15
10269 16
10269 17
10270 0
10270 1
10270 2
10270 3
10270 4
10270 5
10270 6
10270 7
10270 8
10270 9
10270 10
10270 11
10270 12
10270 13
10270 14
10270 15
10270 16
10270 17
10271 0
10271 1
10271 2
10271 3
10271 4
10271 5
10271 6
10272 0
10273 0
10273 1
10273 2
10273 3
10273 4
10273 5
10273 6
10273 7
10273 8
10273 9
10273 10
10273 11
10273 12
10273 13
10273 14
10273 15
10273 16
10273 17
10273 18
10273 19
10273 20
10273 21
10273 22
10273 23
10273 24
10273 25
10273 26
10273 27
10273 28
10273 29
10273 30
10273 31
10273 32
10273 33
10273 34
10273 35
10273 36
10273 37
10273 38
10273 39
10273 40
10273 41
10273 42
10273 43
10273 44
10273 45
10273 46
10273 47
10274 0
10274 1
10274 2
10274 3
10274 4
10275 0
10275 1
10275 2
10275 3
10275 4
10275 5
10275 6
10275 7
10276 0
10276 1
10276 2
10276 3
10276 4
10276 5
10276 6
10276 7
10276 8
10276 9
10276 10
10276 11
10276 12
10276 13
10276 14
10277 0
10277 1
10277 2
10277 3
10277 4
10277 5
10277 6
10277 7
10277 8
10277 9
10277 10
10277 11
10277 12
10277 13
10277 14
10277 15
10277 16
10277 17
10277 18
10277 19
10277 20
10277 21
10277 22
10277 23
10278 0
10278 1
10278 2
10278 3
10278 4
10278 5
10278 6
10278 7
10278 8
10278 9
10278 10
10278 11
10278 12
10278 13
10278 14
10278 15
10279 0
10279 1
10279 2
10279 3
10279 4
10279 5
10279 6
10279 7
10279 8
10279 9
10279 10
10279 11
10279 12
10279 13
10279 14
10279 15
10279 16
10279 17
10279 18
10279 19
10279 20
10279 21
10279 22
10279 23
10279 24
10279 25
10279 26
10279 27
10279 28
10279 29
10279 30
10279 31
10280 0
10280 1
10280 2
10280 3
10280 4
10280 5
10280 6
10280 7
10280 8
10280 9
10280 10
10280 11
10280 12
10280 13
10280 14
10280 15
10280 16
10280 17
10280 18
10280 19
10280 20
10280 21
10280 22
10280 23
10280 24
10280 25
10280 26
10280 27
10280 28
10280 29
10280 30
10280 31
10280 32
10280 33
10280 34
10280 35
10281 0
10281 1
10281 2
10281 3
10281 4
10281 5
10281 6
10281 7
10281 8
10281 9
10281 10
10281 11
10281 12
10281 13
10281 14
10281 15
10281 16
10281 17
10281 18
10281 19
10281 20
10281 21
10281 22
10282 0
10282 1
10282 2
10282 3
10282 4
10282 5
10282 6
10282 7
10282 8
10282 9
10282 10
10282 11
10282 12
10282 13
10282 14
10282 15
10282 16
10282 17
10283 0
10283 1
10283 2
10283 3
10283 4
10283 5
10283 6
10283 7
10283 8
10283 9
10283 10
10283 11
10283 12
10283 13
10283 14
10283 15
10283 16
10283 17
10283 18
10283 19
10283 20
10283 21
10283 22
10283 23
10283 24
10283 25
10283 26
10283 27
10283 28
10283 29
10283 30
10283 31
10283 32
10283 33
10283 34
10283 35
10283 36
10283 37
10283 38
10283 39
10283 40
10283 41
10283 42
10283 43
10283 44
10283 45
10283 46
10283 47
10283 48
10283 49
10283 50
10283 51
10283 52
10283 53
10283 54
10283 55
10283 56
10283 57
10283 58
10283 59
10283 60
10283 61
10283 62
10283 63
10283 64
10283 65
10283 66
10284 0
10284 1
10284 2
10284 3
10285 0
10285 1
10286 0
10286 1
10286 2
10286 3
10286 4
10286 5
10286 6
10287 0
10287 1
10287 2
10287 3
10287 4
10287 5
10287 6
10287 7
10287 8
10287 9
10287 10
10287 11
10287 12
10287 13
10288 0
10288 1
10288 2
10288 3
10288 4
10289 0
10289 1
10289 2
10289 3
10290 0
10290 1
10290 2
10290 3
10290 4
10290 5
10290 6
10290 7
10290 8
10290 9
10290 10
10290 11
10290 12
10290 13
10290 14
10290 15
10290 16
10290 17
10290 18
10290 19
10290 20
10290 21
10290 22
10290 23
10290 24
10290 25
10290 26
10290 27
10290 28
10290 29
10290 30
10290 31
10290 32
10290 33
10290 34
10290 35
10290 36
10290 37
10290 38
10290 39
10290 40
10290 41
10290 42
10290 43
10290 44
10290 45
10290 46
10290 47
10290 48
10290 49
10290 50
10290 51
10290 52
10290 53
10291 0
10291 1
10291 2
10291 3
10291 4
10291 5
10291 6
10291 7
10291 8
10291 9
10291 10
10291 11
10291 12
10291 13
10291 16
10291 17
10291 18
10291 19
10291 20
10291 21
10291 22
10291 23
10291 24
10291 25
10291 26
10291 27
10291 28
10292 0
10292 1
10292 2
10292 3
10292 4
10292 5
10292 6
10292 7
10292 8
10292 9
10292 10
10293 0
10293 1
10293 2
10293 3
10293 4
10293 5
10293 6
10294 0
10294 1
10294 2
10294 3
10294 4
10294 5
10294 6
10294 7
10294 8
10294 9
10294 10
10294 11
10294 12
10294 13
10294 14
10294 15
10295 0
10295 1
10295 2
10295 3
10296 0
10296 1
10296 2
10296 3
10296 4
10297 0
10297 1
10297 2
10297 3
10297 4
10297 5
10297 6
10297 7
10297 8
10297 9
10297 10
10297 11
10297 12
10297 13
10297 14
10297 15
10297 16
10297 17
10297 18
10297 19
10297 20
10298 0
10298 1
10298 2
10298 3
10298 4
10299 0
10299 1
10299 2
10299 3
10299 4
10300 0
10300 1
10300 2
10301 0
10301 1
10301 2
10301 3
10301 4
10301 5
10301 6
10301 7
10301 8
10301 9
10301 10
10301 11
10301 12
10301 13
10301 14
10301 15
10301 16
10301 17
10301 18
10301 19
10301 20
10301 21
10301 22
10301 23
10301 24
10301 25
10301 26
10301 27
10301 28
10301 29
10301 30
10301 31
10301 32
10301 33
10301 34
10301 35
10301 36
10301 37
10301 38
10301 39
10301 40
10301 41
10301 42
10301 43
10301 44
10301 45
10301 46
10301 47
10301 48
10301 49
10301 50
10301 51
10301 52
10302 0
10302 1
10302 2
10302 3
10302 4
10302 5
10302 6
10302 7
10302 8
10302 9
10303 0
10304 0
10305 0
10306 0
10307 0
10308 0
10308 1
10308 2
10309 0
10310 0
10311 0
10321 0
10330 0
10330 1
10330 2
10330 3
10331 0
10331 1
10331 2
10331 3
10331 4
10331 5
10331 6
10332 0
10332 1
10332 2
10332 3
10332 4
10332 5
10332 6
10332 7
10332 8
10332 9
10332 10
10333 0
10333 1
10333 2
10333 3
10333 4
10333 5
10334 0
10334 1
10334 2
10334 3
10334 4
10334 5
10334 6
10334 7
10334 8
10334 9
10334 10
10334 11
10334 12
10334 13
10334 14
10334 15
10334 16
10334 17
10334 18
10334 19
10334 20
10334 21
10335 0
10335 1
10335 2
10335 3
10335 4
10335 5
10335 6
10335 7
10335 8
10335 9
10335 10
10335 11
10335 12
10335 13
10335 14
10335 15
10335 16
10335 17
10335 18
10335 19
10335 20
10335 21
10335 22
10335 23
10335 24
10335 25
10335 26
10335 27
10335 28
10335 29
10335 30
10335 31
10335 32
10335 33
10335 34
10335 35
10335 36
10335 37
10335 38
10335 39
10335 40
10335 41
10335 42
10335 43
10335 44
10335 45
10335 46
10335 47
10335 48
10335 49
10335 50
10335 51
10335 52
10335 53
10335 54
10335 55
10335 56
10335 57
10336 0
10336 1
10336 2
10336 3
10336 4
10336 5
10336 6
10336 7
10336 8
10336 9
10336 10
10337 0
10337 1
10337 2
10337 3
10337 4
10337 5
10337 6
10337 7
10337 8
10337 9
10337 10
10337 11
10337 12
10337 13
10337 14
10337 15
10337 16
10337 17
10337 18
10337 19
10337 20
10337 21
10337 22
10337 23
10337 24
10337 25
10337 26
10337 27
10338 0
10338 1
10338 2
10339 0
10339 1
10339 2
10339 3
10339 4
10339 5
10339 6
10339 7
10339 8
10339 9
10339 10
10339 11
10339 12
10339 13
10339 14
10339 15
10339 16
10339 17
10339 18
10339 19
10339 20
10339 21
10339 22
10339 23
10339 24
10339 25
10339 26
10339 27
10339 28
10339 29
10339 30
10339 31
10339 32
10339 33
10339 34
10339 35
10339 36
10339 37
10339 38
10339 39
10339 40
10339 41
10339 42
10339 43
10339 44
10339 45
10339 46
10339 47
10339 48
10339 49
10339 50
10339 51
10339 52
10339 53
10339 54
10339 55
10339 56
10339 57
10339 58
10339 59
10339 60
10339 61
10339 62
10339 63
10339 64
10339 65
10340 0
10340 1
10340 2
10340 3
10340 4
10340 5
10340 6
10340 7
10340 8
10340 9
10340 11
10340 12
10340 13
10341 0
10341 1
10341 2
10341 3
10342 0
10342 1
10342 2
10342 3
10342 4
10342 5
10342 6
10342 7
10342 8
10342 9
10342 10
10342 11
10342 12
10342 13
10342 14
10342 15
10342 16
10342 17
10342 18
10342 19
10342 20
10342 21
10342 22
10343 0
10343 1
10343 2
10343 3
10343 4
10343 5
10343 6
10343 7
10343 8
10343 9
10344 0
10345 0
10345 1
10345 2
10346 0
10346 1
10346 2
10346 3
10346 4
10346 5
10346 6
10347 0
10347 1
10347 2
10347 3
10347 4
10347 5
10347 6
10347 7
10347 8
10347 9
10347 10
10347 11
10347 12
10347 13
10348 0
10348 1
10348 2
10348 3
10348 4
10348 5
10348 6
10350 0
10350 1
10350 2
10350 3
10350 4
10350 5
10351 0
10351 1
10351 2
10351 3
10351 4
10351 5
10352 0
10352 1
10352 2
10352 3
10353 0
10353 1
10353 2
10353 3
10353 4
10354 0
10354 1
10354 2
10354 3
10354 4
10354 5
10354 6
10354 7
10354 8
10354 9
10354 10
10354 11
10354 12
10354 13
10354 14
10354 15
10354 16
10354 17
10354 18
10354 19
10354 20
10354 21
10354 22
10355 0
10355 1
10355 2
10355 3
10355 4
10355 5
10355 6
10355 7
10355 8
10355 9
10355 10
10355 11
10355 12
10355 13
10356 0
10356 1
10356 2
10356 3
10356 4
10356 5
10356 6
10358 0
10358 1
10358 2
10358 3
10359 0
10359 1
10359 2
10359 3
10359 4
10359 5
10360 0
10361 0
10363 0
10364 0
10364 1
10364 2
10364 3
10364 4
10364 5
10364 6
10364 7
10364 8
10364 9
10364 10
10364 11
10364 12
10364 13
10364 14
10364 15
10364 16
10365 0
10365 1
10365 2
10365 3
10365 4
10365 5
10365 6
10365 7
10365 8
10365 9
10365 10
10365 11
10365 12
10365 13
10365 14
10365 15
10365 16
10365 17
10365 18
10365 19
10365 20
10365 21
10365 22
10365 23
10365 24
10365 25
10365 26
10365 27
10365 28
10365 29
10365 30
10365 31
10365 32
10365 33
10366 0
10366 1
10366 2
10366 3
10366 4
10366 5
10366 6
10366 7
10367 0
10368 0
10373 0
10373 1
10373 2
10373 3
10374 0
10375 0
10375 1
10375 2
10375 3
10375 4
10378 0
10378 1
10378 2
10378 3
10378 4
10378 5
10378 6
10379 0
10379 1
10379 2
10379 3
10379 4
10380 13
10380 14
10380 19
10380 28
10381 0
10381 1
10382 0
10382 1
10382 2
10382 3
10382 4
10382 5
10382 6
10382 7
10382 8
10382 9
10382 10
10382 11
10382 12
10382 13
10382 14
10382 15
10382 16
10382 17
10382 18
10382 19
10382 20
10382 21
10382 22
10382 23
10382 24
10382 25
10382 26
10382 27
10382 28
10382 29
10382 30
10382 31
10382 32
10382 33
10382 34
10382 35
10382 36
10382 37
10382 38
10382 39
10382 40
10382 41
10382 42
10382 43
10383 0
10384 0
10384 1
10384 2
10384 3
10384 4
10384 5
10384 6
10384 7
10384 8
10385 0
10385 1
10385 2
10385 3
10385 4
10385 5
10385 6
10385 7
10385 8
10385 9
10385 10
10385 11
10385 12
10385 13
10385 14
10385 15
10386 0
10386 1
10386 2
10386 3
10386 4
10386 5
10386 6
10386 7
10386 8
10386 9
10386 10
10386 11
10386 12
10387 0
10387 1
10387 2
10387 3
10387 4
10388 0
10388 1
10388 2
10388 3
10388 4
10389 0
10390 0
10391 0
10392 0
10392 1
10392 2
10392 3
10392 4
10393 0
10394 0
10395 0
10395 1
10395 2
10396 0
10396 1
10396 2
10396 3
10396 4
10396 5
10396 6
10396 7
10396 8
10396 9
10396 10
10396 11
10396 12
10396 13
10397 0
10397 1
10397 2
10397 3
10397 4
10398 0
10398 1
10399 0
10399 1
10399 2
10399 3
10399 4
10399 5
10399 6
10400 0
10400 1
10401 0
10401 1
10402 0
10402 1
10402 2
10402 3
10402 4
10402 5
10403 0
10403 1
10403 2
10403 3
10403 4
10403 5
10403 6
10403 7
10403 8
10403 9
10403 10
10403 11
10403 12
10404 0
10404 1
10405 0
10406 0
10406 1
10406 2
10407 0
10408 0
10409 0
10410 0
10411 0
10412 0
10412 1
10413 0
10414 0
10414 2
10415 0
10415 1
10415 2
10415 3
10415 4
10416 0
10417 0
10418 0
10419 0
10420 0
10420 1
10421 0
10421 1
10421 2
10421 3
10421 4
10421 5
10421 6
10421 7
10422 0
10422 1
10422 2
10422 3
10422 4
10422 5
10422 6
10422 7
10422 8
10422 9
10422 10
10422 11
10423 0
10423 1
10423 2
10423 3
10423 4
10424 0
10424 1
10424 2
10425 0
10426 0
10427 0
10428 0
10429 0
10429 1
10429 2
10429 3
10429 4
10429 5
10429 6
10429 7
10430 0
10430 1
10430 2
10430 3
10430 4
10430 5
10431 0
10431 1
10431 2
10431 3
10431 4
10431 5
10431 6
10431 7
10431 8
10431 9
10432 0
10432 1
10432 2
10432 3
10432 4
10432 5
10432 6
10432 7
10432 8
10432 9
10432 10
10432 11
10432 12
10433 0
10433 1
10433 2
10433 3
10433 4
10433 5
10433 6
10433 7
10433 8
10433 9
10433 10
10433 11
10433 12
10434 0
10435 0
10435 1
10436 0
10436 1
10436 2
10436 3
10436 4
10436 5
10436 6
10436 7
10436 8
10436 9
10436 10
10436 11
10436 12
10436 13
10436 14
10436 15
10436 16
10436 17
10436 18
10436 19
10436 20
10436 21
10436 22
10436 23
10436 24
10436 25
10436 26
10436 27
10436 28
10436 29
10436 30
10436 31
10436 32
10436 33
10436 34
10436 35
10436 36
10436 37
10436 38
10436 39
10436 40
10436 41
10436 42
10436 43
10436 44
10436 45
10436 46
10436 47
10436 48
10436 49
10436 50
10436 51
10436 52
10436 53
10436 54
10436 55
10436 56
10436 57
10436 58
10436 59
10436 60
10436 61
10436 62
10436 63
10436 64
10436 65
10436 66
10436 67
10436 68
10437 0
10437 1
10437 2
10437 3
10437 4
10437 5
10437 6
10437 7
10437 8
10437 9
10437 10
10437 11
10437 12
10437 13
10437 14
10437 15
10437 16
10437 17
10437 18
10437 19
10437 20
10437 21
10437 22
10437 23
10437 24
10437 25
10437 26
10437 27
10438 0
10438 1
10438 2
10438 3
10438 4
10438 5
10438 6
10439 0
10439 1
10439 2
10439 3
10439 4
10439 5
10439 6
10439 7
10439 8
10439 9
10439 10
10440 0
10440 1
10440 2
10440 3
10440 4
10440 5
10440 6
10441 0
10441 1
10442 0
10442 1
10442 2
10443 0
10444 0
10444 1
10444 2
10445 0
10446 0
10446 1
10447 0
10448 0
10449 0
10450 0
10450 1
10451 0
10451 1
10454 0
10454 1
10454 2
10454 3
10454 4
10454 5
10454 6
10454 7
10454 8
10454 9
10454 10
10454 11
10454 12
10454 13
10454 14
10454 15
10454 16
10454 17
10454 18
10454 19
10454 20
10454 21
10454 22
10454 23
10454 24
10454 25
10454 26
10454 27
10454 28
10454 29
10454 30
10454 31
10454 32
10454 33
10454 34
10454 35
10454 36
10454 37
10454 38
10455 0
10455 1
10455 2
10455 3
10455 4
10455 5
10455 6
10455 7
10455 8
10455 9
10455 10
10455 11
10455 12
10455 13
10456 0
10456 1
10456 2
10456 3
10456 4
10456 5
10457 0
10457 1
10458 0
10458 1
10459 0
10460 0
10460 1
10460 2
10460 3
10460 4
10460 5
10461 0
10461 1
10461 2
10461 3
10461 4
10461 5
10461 6
10461 7
10461 8
10461 9
10461 10
10461 11
10461 12
10461 13
10461 14
10461 15
10461 16
10461 17
10461 18
10461 19
10461 20
10461 21
10461 22
10461 23
10461 24
10461 25
10462 0
10464 0
10464 1
10464 2
10464 3
10464 4
10464 5
10464 6
10465 0
10465 1
10465 2
10465 3
10465 4
10465 5
10465 6
10465 7
10465 8
10465 9
10465 10
10465 11
10465 12
10465 13
10465 14
10465 15
10466 0
10466 1
10466 2
10466 3
10466 4
10466 5
10466 6
10466 7
10466 8
10466 9
10466 10
10466 11
10466 12
10466 13
10467 0
10467 1
10467 2
10467 3
10468 0
10468 1
10468 2
10468 3
10468 4
10468 5
10468 6
10468 7
10468 8
10468 9
10468 10
10468 11
10468 12
10468 13
10468 14
10468 15
10468 16
10468 17
10468 18
10468 19
10468 20
10468 21
10468 22
10468 23
10469 0
10470 0
10471 0
10472 0
10474 0
10479 0
10480 0
10481 0
10482 0
10483 0
10483 1
10483 2
10484 0
10485 0
10485 1
10485 2
10485 3
10485 4
10486 0
10486 1
10486 2
10486 3
10487 0
10488 0
10489 0
10490 0
10491 0
10492 0
10492 1
10492 2
10493 0
10501 7
10501 8
10501 9
10501 10
10501 11
10501 12
10502 0
10502 1
10502 2
10502 3
10502 4
10502 5
10502 6
10502 7
10502 8
10502 9
10502 10
10502 11
10502 12
10502 13
10502 14
10504 0
10504 1
10504 2
10504 3
10504 4
10504 5
10504 6
10504 7
10504 8
10504 9
10504 10
10504 11
10504 12
10504 13
10504 14
10504 15
10504 16
10504 17
10504 18
10505 0
10507 0
10507 1
10507 2
10507 3
10507 4
10507 5
10507 6
10507 7
10507 8
10508 0
10510 0
10510 1
10510 2
10510 3
10510 4
10510 5
10510 6
10511 0
10511 1
10511 2
10512 0
10512 1
10512 2
10512 3
10512 4
10512 5
10512 6
10512 7
10512 8
10512 9
10512 10
10512 11
10513 0
10513 1
10513 2
10513 3
10513 4
10513 5
10513 6
10513 7
10513 8
10513 9
10513 10
10513 11
10513 12
10513 13
10513 14
10513 15
10513 16
10513 17
10513 18
10513 19
10513 20
10513 21
10513 22
10513 23
10513 24
10513 25
10513 26
10513 27
10513 28
10513 29
10513 30
10513 31
10513 32
10513 33
10513 34
10513 35
10513 36
10513 37
10513 38
10513 39
10513 40
10513 41
10513 42
10513 43
10513 44
10513 45
10513 46
10513 47
10513 48
10513 49
10513 50
10513 51
10513 52
10514 0
10515 0
10515 1
10515 2
10515 3
10515 4
10515 5
10515 6
10515 7
10515 8
10515 9
10515 10
10515 11
10515 12
10515 13
10515 14
10515 15
10515 16
10515 17
10516 0
10516 1
10516 2
10516 3
10516 4
10516 5
10516 6
10517 0
10517 1
10517 2
10518 0
10518 1
10518 2
10518 3
10518 4
10518 5
10518 6
10518 7
10518 8
10518 9
10518 10
10518 11
10518 12
10518 13
10518 14
10518 15
10518 16
10518 17
10518 18
10518 19
10518 20
10518 21
10518 22
10518 23
10518 24
10518 25
10518 26
10518 27
10518 28
10518 29
10518 30
10518 31
10518 32
10518 33
10518 34
10518 35
10518 36
10518 37
10518 38
10519 0
10519 1
10519 2
10519 3
10519 4
10519 5
10519 6
10519 7
10519 8
10519 9
10519 10
10519 11
10519 12
10519 13
10519 14
10519 15
10519 16
10519 17
10519 18
10519 19
10519 20
10519 21
10519 22
10519 23
10519 24
10519 25
10519 26
10519 27
10519 28
10519 29
10519 30
10519 31
10519 32
10519 33
10519 34
10519 35
10519 36
10519 37
10519 38
10519 39
10519 40
10519 41
10519 42
10519 43
10519 44
10519 45
10519 46
10519 47
10519 48
10519 49
10519 50
10519 51
10519 52
10520 0
10520 1
10520 2
10520 3
10520 4
10520 5
10520 6
10520 7
10520 8
10520 9
10520 10
10521 0
10521 1
10521 2
10521 3
10521 4
10521 5
10521 6
10521 7
10521 8
10521 9
10521 10
10521 11
10521 12
10521 13
10828 0
10829 0
10830 0
10831 0
10831 1
10831 2
10831 3
10831 4
10831 5
10831 6
10831 7
10831 8
10831 9
10831 10
10831 11
10831 12
10831 13
10831 14
10831 15
10831 16
10831 17
10831 18
10831 19
10831 20
10831 21
10831 22
10831 23
10831 24
10831 25
10831 26
10831 27
10831 28
10831 29
10832 0
10832 1
10832 2
10832 3
10832 4
10847 0
10847 1
10847 2
10848 0
10848 1
10848 2
10849 0
10849 1
10849 2
10849 3
10849 4
10849 5
10850 0
10851 0
10852 0
10853 0
10854 0
10855 0
10856 0
10857 0
10858 0
10859 0
10859 1
10859 2
10860 0
10861 0
10861 1
10862 0
10862 1
10862 2
10862 3
10863 0
10863 1
10863 2
10863 3
10863 4
10863 5
10863 6
10863 7
10863 8
10863 9
10863 10
10864 0
10865 0
10865 1
10865 2
10865 3
10865 4
10865 5
10865 6
10866 0
10866 1
10866 2
10866 3
10867 0
10869 0
10869 1
10869 2
10869 3
10869 4
10870 0
10871 0
10872 0
10872 1
10873 0
10873 1
10873 2
10873 3
10873 4
10874 0
10874 1
10875 0
10876 0
10876 1
10876 2
10876 3
10876 4
10876 5
10876 6
10876 7
10876 8
10876 9
10877 0
10877 1
10877 2
10878 0
10878 1
10879 0
10880 0
10880 1
10880 2
10880 3
10880 4
10880 5
10881 0
10882 0
10883 0
10884 0
10885 0
10886 0
10887 0
10887 1
10887 2
10887 3
10887 4
10887 5
10887 6
10889 0
10889 1
10890 0
10890 1
10890 2
10890 3
10890 4
10890 5
10890 6
10890 7
10890 8
10890 9
10890 10
10890 11
10890 12
10890 13
10890 14
10890 15
10891 0
10891 1
10891 2
10891 3
10891 4
10891 5
10891 6
10891 7
10891 8
10891 9
10891 10
10891 11
10891 12
10891 13
10892 0
10892 1
10892 2
10892 3
10892 4
10892 5
10892 6
10892 7
10892 8
10892 9
10892 10
10892 11
10892 12
10892 13
10892 14
10892 15
10892 16
10892 17
10892 18
10892 19
10893 0
10893 1
10894 0
10894 1
10894 2
10894 3
10895 0
10895 1
10895 2
10896 0
10896 1
10897 0
10897 1
10897 2
10897 3
10897 4
10897 5
10897 6
10897 7
10897 8
10898 0
10898 1
10898 2
10898 3
10898 4
10898 5
10898 6
10898 7
10898 8
10898 9
10900 0
10900 1
10901 0
10901 1
10901 2
10901 3
10901 4
10901 5
10901 6
10901 7
10902 0
10902 1
10902 2
10902 3
10902 4
10902 5
10902 6
10902 7
10902 8
10905 0
10906 0
10906 1
10906 2
10906 3
10907 0
10907 1
10907 2
10907 3
10907 4
10907 5
10907 6
10907 7
10907 8
10907 9
10908 0
10908 1
10909 0
10909 1
10909 2
10910 0
10910 1
10910 2
10910 3
10911 0
10912 0
10913 0
10913 1
10913 2
10914 0
10915 0
10915 1
10915 2
10915 3
10915 4
10915 5
10915 6
10915 7
10915 8
10915 9
10915 10
10915 11
10915 12
10915 13
10915 14
10915 15
10915 16
10915 17
10916 0
10916 1
10916 2
10916 3
10916 4
10916 5
10916 6
10916 7
10916 8
10917 0
10917 1
10918 0
10919 0
10919 1
10920 0
10920 1
10920 2
10921 0
10922 0
10922 1
10922 2
10922 3
10922 4
10922 5
10923 0
10923 1
10923 2
10923 3
10923 4
10923 5
10923 6
10923 7
10923 8
10923 9
10923 10
10924 0
10927 0
10927 1
10927 2
10927 3
10927 4
10927 5
10927 6
10927 7
10927 8
10927 9
10927 10
10927 11
10927 12
10928 0
10929 0
10929 1
10929 2
10929 3
10929 4
10929 5
10929 6
10929 7
10929 8
10929 9
10929 10
10930 0
10930 1
10930 2
10930 3
10930 4
10930 5
10930 6
10930 7
10930 8
10930 9
10930 10
10930 11
10930 12
10930 13
10930 14
10930 15
10930 16
10930 17
10930 18
10930 19
10930 20
10930 21
10930 22
10930 23
10930 24
10930 25
10930 26
10930 27
10930 28
10930 29
10930 30
10930 31
10930 32
10930 33
10930 34
10930 35
10930 36
10930 37
10930 38
10930 39
10931 0
10931 1
10931 2
10931 3
10931 4
10931 5
10932 0
10932 1
10932 2
10932 3
10932 4
10932 5
10932 6
10932 7
10932 8
10932 9
10932 10
10932 11
10932 12
10932 13
10932 14
10932 15
10932 16
10932 17
10932 18
10933 0
10934 0
10934 1
10935 0
10935 1
10935 2
10935 3
10935 4
10935 5
10935 6
10935 7
10935 8
10935 9
10935 10
10935 11
10935 12
10935 13
10935 14
10935 15
10935 16
10935 17
10935 18
10935 19
10935 20
10935 21
10935 22
10935 23
10935 24
10935 25
10935 26
10935 27
10935 28
10936 0
10936 1
10936 2
10936 3
10936 4
10936 5
10936 6
10936 7
10936 8
10936 9
10937 0
10937 1
10937 2
10937 3
10937 4
10937 5
10937 6
10937 7
10937 8
10937 9
10937 10
10937 11
10937 12
10937 13
10938 0
10938 1
10939 0
10939 1
10939 2
10939 3
10940 0
10940 1
10940 2
10941 0
10942 0
10942 1
10942 2
10942 3
10942 4
10942 5
10942 6
10942 7
10942 8
10942 9
10942 10
10942 11
10942 12
10942 13
10942 14
10942 15
10942 16
10942 17
10942 18
10942 19
10942 20
10943 0
10943 1
10943 2
10944 0
10944 1
10944 2
10945 0
10945 1
10945 2
10945 3
10945 4
10945 5
10945 6
10945 7
10946 0
10946 1
10946 2
10946 3
10946 4
10946 5
10946 6
10946 7
10946 8
10946 9
10946 10
10947 0
10947 1
10947 2
10947 3
10947 4
10947 5
10947 6
10947 7
10947 8
10947 9
10947 10
10947 11
10947 12
10948 0
10948 1
10948 2
10948 3
10949 0
10949 1
10949 2
10949 3
10949 4
10949 5
10949 6
10949 7
10949 8
10949 9
10949 10
10949 11
10949 12
10949 13
10950 0
10950 1
10950 2
10951 0
10951 1
10952 0
10952 1
10952 2
10953 0
10953 1
10953 2
10953 3
10953 4
10954 0
10954 1
10954 2
10954 3
10954 4
10954 5
10954 6
10954 7
10954 8
10954 9
10954 10
10954 11
10954 12
10954 13
10954 14
10954 15
10954 16
10954 17
10954 18
10954 19
10954 20
10954 21
10954 22
10954 23
10954 24
10954 25
10954 26
10954 27
10954 28
10954 29
10954 30
10954 31
10955 0
10955 1
10955 2
10955 3
10955 4
10956 0
10956 1
10956 2
10956 3
10956 4
10957 0
10957 1
10957 2
10957 3
10957 4
10957 5
10957 6
10957 7
10957 8
10957 9
10957 10
10957 11
10957 12
10957 13
10957 14
10957 15
10957 16
10957 17
10957 18
10957 19
10957 20
10957 21
10957 22
10957 23
10957 24
10957 25
10957 26
10957 27
10957 28
10957 29
10957 30
10957 31
10957 32
10958 0
10958 1
10958 2
10958 3
10958 4
10958 5
10958 6
10958 7
10958 8
10958 9
10958 10
10958 11
10958 12
10958 13
10958 14
10958 15
10958 16
10958 17
10958 18
10959 0
10960 0
10961 0
10961 1
10961 2
10961 3
10962 0
10963 0
10963 1
10963 2
10963 3
10964 0
10964 1
10965 0
10966 0
10966 1
10966 2
10966 3
10967 0
10968 0
10968 1
10968 2
10968 3
10969 0
10969 1
10970 0
10970 1
10970 2
10970 3
10971 0
10971 1
10972 0
10973 0
10973 1
10973 2
10973 3
10973 4
10973 5
10973 6
10973 7
10973 8
10973 9
10974 0
10974 1
10974 2
10974 3
10974 4
10975 0
10976 0
10978 0
10978 1
10978 2
10978 3
10979 0
10981 0
10981 1
10981 2
10982 0
10983 0
10984 0
10984 1
10984 2
10984 3
10984 4
10984 5
10984 6
10984 7
10984 8
10984 9
10984 10
10984 11
10984 12
10984 13
10984 14
10984 15
10984 16
10984 17
10984 18
10984 19
10984 20
10985 0
10985 1
10985 2
10985 3
10985 4
10985 5
10985 6
10985 7
10985 8
10985 9
10985 10
10985 11
10985 12
10985 13
10985 14
10985 15
10986 0
10986 1
10986 2
10986 3
10986 4
10986 5
10986 6
10986 7
10986 8
10986 9
10986 10
10986 11
10986 12
10986 13
10986 14
10986 15
10987 0
10987 1
10987 2
10987 3
10987 4
10987 5
10987 6
10987 7
10987 8
10987 9
10987 10
10987 11
10987 12
10987 13
10987 14
10987 15
10987 16
10987 17
10987 18
10987 19
10987 20
10989 0
10989 1
10989 2
10989 3
10989 4
10989 5
10989 6
10990 0
10990 1
10990 2
10990 3
10990 4
10991 0
10991 1
10991 2
10991 3
10991 4
10991 5
10991 6
10991 7
10991 8
10991 9
10991 10
10991 11
10991 12
10991 13
10991 14
10991 15
10993 0
10993 1
10993 2
10993 3
10993 4
10993 5
10993 6
10993 7
10993 8
10993 9
10993 10
10993 11
10993 12
10993 13
10993 14
10993 15
10993 16
10993 17
10993 18
10993 19
10993 20
10993 21
10993 22
10993 23
10993 24
10993 25
10994 0
10994 1
10994 2
10994 3
10994 4
10994 5
10995 0
10995 1
10995 2
10995 3
10995 4
10995 5
10995 6
10995 7
10995 8
10995 9
10995 10
10995 11
10995 12
10995 13
10995 14
10995 15
10995 16
10995 17
10995 18
10995 19
10995 20
10995 21
10995 22
10995 23
10995 24
10995 25
10995 26
10995 27
10995 28
10995 29
10995 30
10995 31
10995 32
10996 0
10996 1
10996 2
10996 3
10996 4
10996 5
10996 6
10996 7
10996 8
10996 9
10996 10
10996 11
10996 12
10996 13
10996 14
10996 15
10996 16
10996 17
10996 18
10996 19
10996 20
10996 21
10996 22
10997 0
10997 1
10998 0
10999 0
10999 1
10999 2
10999 3
10999 4
10999 5
10999 6
10999 7
10999 8
10999 9
10999 10
10999 11
10999 12
10999 13
10999 14
10999 15
10999 16
10999 17
10999 18
10999 19
10999 20
10999 21
10999 22
10999 23
10999 24
10999 25
10999 26
10999 27
10999 28
10999 29
10999 30
10999 31
10999 32
10999 33
10999 34
10999 35
10999 36
10999 37
10999 38
10999 39
10999 40
