3227 0000
3227 0001
3229 0000
3229 0001
3230 0000
3231 0000
3250 0000
3250 0001
3252 0000
3253 0000
4334 0000
4334 0001
4334 0002
4334 0003
4334 0004
4334 0005
4334 0006
4334 0007
4334 0008
4334 0009
4334 0010
4334 0011
4334 0012
4334 0013
4334 0014
4334 0015
4334 0016
4334 0017
4334 0018
4334 0019
4334 0020
4334 0021
4334 0022
4334 0023
4334 0024
4334 0025
4334 0026
4334 0027
4334 0028
4334 0029
4334 0030
4334 0031
4334 0032
4334 0033
4334 0034
4334 0035
4334 0036
4334 0037
4334 0038
4334 0039
4334 0040
4334 0041
4334 0042
4334 0043
4334 0044
4334 0045
4334 0046
4334 0047
4334 0048
4334 0049
4334 0050
4334 0051
4334 0052
4334 0053
4334 0054
4334 0055
4334 0056
4334 0057
4334 0058
4334 0059
4334 0060
4334 0061
4334 0062
4334 0063
4334 0064
4578 0000
4578 0001
4578 0002
4578 0003
4578 0004
4578 0005
4578 0006
4578 0007
4578 0008
4578 0009
4578 0010
4578 0011
4863 0000
4863 0001
4863 0002
4863 0003
4863 0004
4863 0005
4863 0006
4863 0007
4863 0008
4863 0009
4863 0010
4863 0011
4863 0012
4863 0013
4863 0014
4863 0015
4863 0016
4863 0017
4863 0018
4863 0019
4863 0020
4863 0021
4863 0022
4863 0023
4863 0024
4863 0025
4863 0026
4863 0027
4863 0028
4863 0029
4863 0030
4863 0031
4863 0032
4863 0033
4863 0034
4863 0035
4863 0036
5177 0000
5177 0001
5177 0002
5177 0003
5177 0004
5177 0005
5177 0006
5177 0007
5177 0008
5177 0009
5177 0010
5177 0011
5177 0012
5177 0013
5177 0014
5177 0015
5177 0016
5177 0017
5177 0018
5177 0019
5177 0020
5177 0021
5177 0022
5177 0023
5177 0024
5177 0025
5177 0026
5177 0027
5177 0028
5177 0029
5177 0030
5177 0031
5177 0032
5177 0033
5177 0034
5177 0035
5218 0000
5218 0001
