10252 0000
10252 0001
10252 0002
10252 0003
10252 0004
10252 0005
10252 0006
10252 0007
10252 0008
10252 0009
10252 0010
10252 0011
10252 0012
10252 0013
10252 0014
10252 0015
10252 0016
10252 0017
10252 0018
10252 0019
10252 0020
10252 0021
10252 0022
10252 0023
10252 0024
10252 0025
10252 0026
10253 0000
10253 0001
10253 0002
10253 0003
10253 0004
10253 0005
10253 0006
10253 0007
10253 0008
10253 0009
10254 0000
10254 0001
10254 0002
10254 0003
10254 0004
10255 0000
10255 0001
10256 0000
10256 0001
10256 0002
10256 0003
10257 0000
10260 0000
10260 0001
10260 0002
10260 0003
10260 0004
10260 0005
10260 0006
10260 0007
10260 0008
10260 0009
10260 0010
10260 0011
10260 0012
10260 0013
10260 0014
10260 0015
10260 0016
10260 0017
10260 0018
10260 0019
10260 0020
10260 0021
10260 0022
10260 0023
10260 0024
10260 0025
10260 0026
10260 0027
10261 0000
10261 0001
10261 0002
10261 0003
10261 0004
10261 0005
10261 0006
10261 0007
10262 0000
10262 0001
10262 0002
10262 0003
10262 0004
10262 0005
10262 0006
10262 0007
10262 0008
10262 0009
10262 0010
10262 0011
10262 0012
10263 0000
10263 0001
10263 0002
10263 0003
10263 0004
10263 0005
10263 0006
10263 0007
10263 0008
10263 0009
10263 0010
10263 0011
10263 0012
10263 0013
10263 0014
10263 0015
10263 0016
10263 0017
10263 0018
10263 0019
10263 0020
10263 0021
10263 0022
10263 0023
10263 0024
10263 0025
10263 0026
10263 0027
10263 0028
10263 0029
10263 0030
10263 0031
10263 0032
10263 0033
10263 0034
10263 0035
10264 0000
10264 0001
10264 0002
10264 0003
10264 0004
10264 0005
10264 0006
10264 0007
10264 0008
10264 0009
10264 0010
10264 0011
10264 0012
10264 0013
10264 0014
10264 0015
10264 0016
10264 0017
10264 0018
10264 0019
10264 0020
10264 0021
10264 0022
10264 0023
10264 0024
10264 0025
10264 0026
10264 0027
10264 0028
10264 0029
10264 0030
10264 0031
10265 0000
10265 0001
10265 0002
10265 0003
10265 0004
10265 0005
10265 0006
10265 0007
10265 0008
10265 0009
10266 0000
10266 0001
10266 0002
10266 0003
10266 0004
10266 0005
10267 0000
10267 0001
10267 0002
10267 0003
10267 0004
10267 0005
10267 0006
10267 0007
10267 0008
10267 0009
10267 0010
10267 0011
10267 0012
10267 0013
10268 0000
10269 0000
10269 0001
10269 0002
10269 0005
10269 0006
10269 0007
10269 0008
10269 0009
10269 0010
10269 0011
10269 0012
10269 0013
10269 0014
10269 0015
10269 0016
10269 0017
10270 0000
10270 0001
10270 0002
10270 0003
10270 0004
10270 0005
10270 0006
10270 0007
10270 0008
10270 0009
10270 0010
10270 0011
10270 0012
10270 0013
10270 0014
10270 0015
10270 0016
10270 0017
10271 0000
10271 0001
10271 0002
10271 0003
10271 0004
10271 0005
10271 0006
10272 0000
10273 0000
10273 0001
10273 0002
10273 0003
10273 0004
10273 0005
10273 0006
10273 0007
10273 0008
10273 0009
10273 0010
10273 0011
10273 0012
10273 0013
10273 0014
10273 0015
10273 0016
10273 0017
10273 0018
10273 0019
10273 0020
10273 0021
10273 0022
10273 0023
10273 0024
10273 0025
10273 0026
10273 0027
10273 0028
10273 0029
10273 0030
10273 0031
10273 0032
10273 0033
10273 0034
10273 0035
10273 0036
10273 0037
10273 0038
10273 0039
10273 0040
10273 0041
10273 0042
10273 0043
10273 0044
10273 0045
10273 0046
10273 0047
10274 0000
10274 0001
10274 0002
10274 0003
10274 0004
10275 0000
10275 0001
10275 0002
10275 0003
10275 0004
10275 0005
10275 0006
10275 0007
10276 0000
10276 0001
10276 0002
10276 0003
10276 0004
10276 0005
10276 0006
10276 0007
10276 0008
10276 0009
10276 0010
10276 0011
10276 0012
10276 0013
10276 0014
10277 0000
10277 0001
10277 0002
10277 0003
10277 0004
10277 0005
10277 0006
10277 0007
10277 0008
10277 0009
10277 0010
10277 0011
10277 0012
10277 0013
10277 0014
10277 0015
10277 0016
10277 0017
10277 0018
10277 0019
10277 0020
10277 0021
10277 0022
10277 0023
10278 0000
10278 0001
10278 0002
10278 0003
10278 0004
10278 0005
10278 0006
10278 0007
10278 0008
10278 0009
10278 0010
10278 0011
10278 0012
10278 0013
10278 0014
10278 0015
10279 0000
10279 0001
10279 0002
10279 0003
10279 0004
10279 0005
10279 0006
10279 0007
10279 0008
10279 0009
10279 0010
10279 0011
10279 0012
10279 0013
10279 0014
10279 0015
10279 0016
10279 0017
10279 0018
10279 0019
10279 0020
10279 0021
10279 0022
10279 0023
10279 0024
10279 0025
10279 0026
10279 0027
10279 0028
10279 0029
10279 0030
10279 0031
10280 0000
10280 0001
10280 0002
10280 0003
10280 0004
10280 0005
10280 0006
10280 0007
10280 0008
10280 0009
10280 0010
10280 0011
10280 0012
10280 0013
10280 0014
10280 0015
10280 0016
10280 0017
10280 0018
10280 0019
10280 0020
10280 0021
10280 0022
10280 0023
10280 0024
10280 0025
10280 0026
10280 0027
10280 0028
10280 0029
10280 0030
10280 0031
10280 0032
10280 0033
10280 0034
10280 0035
10281 0000
10281 0001
10281 0002
10281 0003
10281 0004
10281 0005
10281 0006
10281 0007
10281 0008
10281 0009
10281 0010
10281 0011
10281 0012
10281 0013
10281 0014
10281 0015
10281 0016
10281 0017
10281 0018
10281 0019
10281 0020
10281 0021
10281 0022
10282 0000
10282 0001
10282 0002
10282 0003
10282 0004
10282 0005
10282 0006
10282 0007
10282 0008
10282 0009
10282 0010
10282 0011
10282 0012
10282 0013
10282 0014
10282 0015
10282 0016
10282 0017
10283 0000
10283 0001
10283 0002
10283 0003
10283 0004
10283 0005
10283 0006
10283 0007
10283 0008
10283 0009
10283 0010
10283 0011
10283 0012
10283 0013
10283 0014
10283 0015
10283 0016
10283 0017
10283 0018
10283 0019
10283 0020
10283 0021
10283 0022
10283 0023
10283 0024
10283 0025
10283 0026
10283 0027
10283 0028
10283 0029
10283 0030
10283 0031
10283 0032
10283 0033
10283 0034
10283 0035
10283 0036
10283 0037
10283 0038
10283 0039
10283 0040
10283 0041
10283 0042
10283 0043
10283 0044
10283 0045
10283 0046
10283 0047
10283 0048
10283 0049
10283 0050
10283 0051
10283 0052
10283 0053
10283 0054
10283 0055
10283 0056
10283 0057
10283 0058
10283 0059
10283 0060
10283 0061
10283 0062
10283 0063
10283 0064
10283 0065
10283 0066
10284 0000
10284 0001
10284 0002
10284 0003
10285 0000
10285 0001
10286 0000
10286 0001
10286 0002
10286 0003
10286 0004
10286 0005
10286 0006
10287 0000
10287 0001
10287 0002
10287 0003
10287 0004
10287 0005
10287 0006
10287 0007
10287 0008
10287 0009
10287 0010
10287 0011
10287 0012
10287 0013
10288 0000
10288 0001
10288 0002
10288 0003
10288 0004
10289 0000
10289 0001
10289 0002
10289 0003
10290 0000
10290 0001
10290 0002
10290 0003
10290 0004
10290 0005
10290 0006
10290 0007
10290 0008
10290 0009
10290 0010
10290 0011
10290 0012
10290 0013
10290 0014
10290 0015
10290 0016
10290 0017
10290 0018
10290 0019
10290 0020
10290 0021
10290 0022
10290 0023
10290 0024
10290 0025
10290 0026
10290 0027
10290 0028
10290 0029
10290 0030
10290 0031
10290 0032
10290 0033
10290 0034
10290 0035
10290 0036
10290 0037
10290 0038
10290 0039
10290 0040
10290 0041
10290 0042
10290 0043
10290 0044
10290 0045
10290 0046
10290 0047
10290 0048
10290 0049
10290 0050
10290 0051
10290 0052
10290 0053
10291 0000
10291 0001
10291 0002
10291 0003
10291 0004
10291 0005
10291 0006
10291 0007
10291 0008
10291 0009
10291 0010
10291 0011
10291 0012
10291 0013
10291 0016
10291 0017
10291 0018
10291 0019
10291 0020
10291 0021
10291 0022
10291 0023
10291 0024
10291 0025
10291 0026
10291 0027
10291 0028
10292 0000
10292 0001
10292 0002
10292 0003
10292 0004
10292 0005
10292 0006
10292 0007
10292 0008
10292 0009
10292 0010
10293 0000
10293 0001
10293 0002
10293 0003
10293 0004
10293 0005
10293 0006
10294 0000
10294 0001
10294 0002
10294 0003
10294 0004
10294 0005
10294 0006
10294 0007
10294 0008
10294 0009
10294 0010
10294 0011
10294 0012
10294 0013
10294 0014
10294 0015
10295 0000
10295 0001
10295 0002
10295 0003
10296 0000
10296 0001
10296 0002
10296 0003
10296 0004
10297 0000
10297 0001
10297 0002
10297 0003
10297 0004
10297 0005
10297 0006
10297 0007
10297 0008
10297 0009
10297 0010
10297 0011
10297 0012
10297 0013
10297 0014
10297 0015
10297 0016
10297 0017
10297 0018
10297 0019
10297 0020
10298 0000
10298 0001
10298 0002
10298 0003
10298 0004
10299 0000
10299 0001
10299 0002
10299 0003
10299 0004
10300 0000
10300 0001
10300 0002
10301 0000
10301 0001
10301 0002
10301 0003
10301 0004
10301 0005
10301 0006
10301 0007
10301 0008
10301 0009
10301 0010
10301 0011
10301 0012
10301 0013
10301 0014
10301 0015
10301 0016
10301 0017
10301 0018
10301 0019
10301 0020
10301 0021
10301 0022
10301 0023
10301 0024
10301 0025
10301 0026
10301 0027
10301 0028
10301 0029
10301 0030
10301 0031
10301 0032
10301 0033
10301 0034
10301 0035
10301 0036
10301 0037
10301 0038
10301 0039
10301 0040
10301 0041
10301 0042
10301 0043
10301 0044
10301 0045
10301 0046
10301 0047
10301 0048
10301 0049
10301 0050
10301 0051
10301 0052
10302 0000
10302 0001
10302 0002
10302 0003
10302 0004
10302 0005
10302 0006
10302 0007
10302 0008
10302 0009
10303 0000
10304 0000
10305 0000
10306 0000
10307 0000
10308 0000
10308 0001
10308 0002
10309 0000
10310 0000
10311 0000
10321 0000
10330 0000
10330 0001
10330 0002
10330 0003
10331 0000
10331 0001
10331 0002
10331 0003
10331 0004
10331 0005
10331 0006
10332 0000
10332 0001
10332 0002
10332 0003
10332 0004
10332 0005
10332 0006
10332 0007
10332 0008
10332 0009
10332 0010
10333 0000
10333 0001
10333 0002
10333 0003
10333 0004
10333 0005
10334 0000
10334 0001
10334 0002
10334 0003
10334 0004
10334 0005
10334 0006
10334 0007
10334 0008
10334 0009
10334 0010
10518 0010
10518 0011
10518 0012
10518 0013
10518 0014
10518 0015
10518 0016
10518 0017
10518 0018
10518 0019
10518 0020
10518 0021
10518 0022
10518 0023
10518 0024
10518 0025
10518 0026
10518 0027
10518 0028
10518 0029
10518 0030
10518 0031
10518 0032
10518 0033
10518 0034
10518 0035
10518 0036
10518 0037
10518 0038
10519 0000
10519 0001
10519 0002
10519 0003
10519 0004
10519 0005
10519 0006
10519 0007
10519 0008
10519 0009
10519 0010
10519 0011
10519 0012
10519 0013
10519 0014
10519 0015
10519 0016
10519 0017
10519 0018
10519 0019
10519 0020
10519 0021
10519 0022
10519 0023
10519 0024
10519 0025
10519 0026
10519 0027
10519 0028
10519 0029
10519 0030
10519 0031
10519 0032
10519 0033
10519 0034
10519 0035
10519 0036
10519 0037
10519 0038
10519 0039
10519 0040
10519 0041
10519 0042
10519 0043
10519 0044
10519 0045
10519 0046
10519 0047
10519 0048
10519 0049
10519 0050
10519 0051
10519 0052
10520 0000
10520 0001
10520 0002
10520 0003
10520 0004
10520 0005
10520 0006
10520 0007
10520 0008
10520 0009
10520 0010
10521 0000
10521 0001
10521 0002
10521 0003
10521 0004
10521 0005
10521 0006
10521 0007
10521 0008
10521 0009
10521 0010
10521 0011
10521 0012
10521 0013
10828 0000
10829 0000
10830 0000
10831 0000
10831 0001
10831 0002
10831 0003
10831 0004
10831 0005
10831 0006
10831 0007
10831 0008
10831 0009
10831 0010
10831 0011
10831 0012
10831 0013
10831 0014
10831 0015
10831 0016
10831 0017
10831 0018
10831 0019
10831 0020
10831 0021
10831 0022
10831 0023
10831 0024
10831 0025
10831 0026
10831 0027
10831 0028
10831 0029
10832 0000
10832 0001
10832 0002
10832 0003
10832 0004
10847 0000
10847 0001
10847 0002
10848 0000
10848 0001
10848 0002
10849 0000
10849 0001
10849 0002
10849 0003
10849 0004
10849 0005
10850 0000
10851 0000
10852 0000
10853 0000
10854 0000
10855 0000
10856 0000
10857 0000
10858 0000
10859 0000
10859 0001
10859 0002
10860 0000
10861 0000
10861 0001
10862 0000
10862 0001
10862 0002
10862 0003
10863 0000
10863 0001
10863 0002
10863 0003
10863 0004
10863 0005
10863 0006
10863 0007
10863 0008
10863 0009
10863 0010
10864 0000
10865 0000
10865 0001
10865 0002
10865 0003
10865 0004
10865 0005
10865 0006
10866 0000
10866 0001
10866 0002
10866 0003
10867 0000
10869 0000
10869 0001
10869 0002
10869 0003
10869 0004
10870 0000
10871 0000
10872 0000
10872 0001
10873 0000
10873 0001
10873 0002
10873 0003
10873 0004
10874 0000
10874 0001
10875 0000
10876 0000
10876 0001
10876 0002
10876 0003
10876 0004
10876 0005
10876 0006
10876 0007
10876 0008
10876 0009
10877 0000
10877 0001
10877 0002
10878 0000
10878 0001
10879 0000
10880 0000
10880 0001
10880 0002
10880 0003
10880 0004
10880 0005
10881 0000
10882 0000
10883 0000
10884 0000
10885 0000
10886 0000
10887 0000
10887 0001
10887 0002
10887 0003
10887 0004
10887 0005
10887 0006
10889 0000
10889 0001
10890 0000
10890 0001
10890 0002
10890 0003
10890 0004
10890 0005
10890 0006
10890 0007
10890 0008
10890 0009
10890 0010
10890 0011
10890 0012
10890 0013
10890 0014
10890 0015
10891 0000
10891 0001
10891 0002
10891 0003
10891 0004
10891 0005
10891 0006
10891 0007
10891 0008
10891 0009
10891 0010
10891 0011
10891 0012
10891 0013
10892 0000
10892 0001
10892 0002
10892 0003
10892 0004
10892 0005
10892 0006
10892 0007
10892 0008
10892 0009
10892 0010
10892 0011
10892 0012
10892 0013
10892 0014
10892 0015
10892 0016
10892 0017
10892 0018
10892 0019
10893 0000
10893 0001
10894 0000
10894 0001
10894 0002
10894 0003
10895 0000
10895 0001
10895 0002
10896 0000
10896 0001
10897 0000
10897 0001
10897 0002
10897 0003
10897 0004
10897 0005
10897 0006
10897 0007
10897 0008
10898 0000
10898 0001
10898 0002
10898 0003
10898 0004
10898 0005
10898 0006
10898 0007
10898 0008
10898 0009
10900 0000
10900 0001
10901 0000
10901 0001
10901 0002
10901 0003
10901 0004
10901 0005
10901 0006
10901 0007
10902 0000
10902 0001
10902 0002
10902 0003
10902 0004
10902 0005
10902 0006
10902 0007
10902 0008
10905 0000
10906 0000
10906 0001
10906 0002
10906 0003
10907 0000
10907 0001
10907 0002
10907 0003
10907 0004
10907 0005
10907 0006
10907 0007
10907 0008
10907 0009
10908 0000
10908 0001
10909 0000
10909 0001
10909 0002
10910 0000
10910 0001
10910 0002
10910 0003
10911 0000
10912 0000
10913 0000
10913 0001
10913 0002
10914 0000
10915 0000
10915 0001
10915 0002
10915 0003
10915 0004
10915 0005
10915 0006
10915 0007
10915 0008
10915 0009
10915 0010
10915 0011
10915 0012
10915 0013
10915 0014
10915 0015
10915 0016
10915 0017
10916 0000
10916 0001
10916 0002
10916 0003
10916 0004
10916 0005
10916 0006
10916 0007
10916 0008
10917 0000
10917 0001
10918 0000
10919 0000
10919 0001
10920 0000
10920 0001
10920 0002
10921 0000
10922 0000
10922 0001
10922 0002
10922 0003
10922 0004
10922 0005
10923 0000
10923 0001
10923 0002
10923 0003
10923 0004
10923 0005
10923 0006
10923 0007
10923 0008
10923 0009
10923 0010
10924 0000
10927 0000
10927 0001
10927 0002
10927 0003
10927 0004
10927 0005
10927 0006
10927 0007
10927 0008
10927 0009
10927 0010
10927 0011
10927 0012
10928 0000
10929 0000
10929 0001
10929 0002
10929 0003
10929 0004
10929 0005
10929 0006
10929 0007
10929 0008
10929 0009
10929 0010
10930 0000
10930 0001
10930 0002
10930 0003
10930 0004
10930 0005
10930 0006
10930 0007
10930 0008
10930 0009
10930 0010
10930 0011
10930 0012
10930 0013
10930 0014
10930 0015
10930 0016
10930 0017
10930 0018
10930 0019
10930 0020
10930 0021
10930 0022
10930 0023
10930 0024
10930 0025
10930 0026
10930 0027
10930 0028
10930 0029
10930 0030
10930 0031
10930 0032
10930 0033
10930 0034
10930 0035
10930 0036
10930 0037
10930 0038
10930 0039
10931 0000
10931 0001
10931 0002
10931 0003
10931 0004
10931 0005
10932 0000
10932 0001
10932 0002
10932 0003
10932 0004
10932 0005
10932 0006
10932 0007
10932 0008
10932 0009
10932 0010
10932 0011
10932 0012
10932 0013
10932 0014
10932 0015
10932 0016
10932 0017
10932 0018
10933 0000
10934 0000
10934 0001
10935 0000
10935 0001
10935 0002
10935 0003
10935 0004
10935 0005
10935 0006
10935 0007
10935 0008
10935 0009
10935 0010
10935 0011
10935 0012
10935 0013
10935 0014
10935 0015
10935 0016
10935 0017
10935 0018
10935 0019
10935 0020
10935 0021
10935 0022
10935 0023
10935 0024
10935 0025
10935 0026
10935 0027
10935 0028
10936 0000
10936 0001
10936 0002
10936 0003
10936 0004
10936 0005
10936 0006
10936 0007
10936 0008
10936 0009
10937 0000
10937 0001
10937 0002
10937 0003
10937 0004
10937 0005
10937 0006
10937 0007
10937 0008
10937 0009
10937 0010
10937 0011
10937 0012
10937 0013
10938 0000
10938 0001
10939 0000
10939 0001
10939 0002
10939 0003
10940 0000
10940 0001
10940 0002
10941 0000
10942 0000
10942 0001
10942 0002
10942 0003
10942 0004
10942 0005
10942 0006
10942 0007
10942 0008
10942 0009
10942 0010
10942 0011
10942 0012
10942 0013
10942 0014
10942 0015
10942 0016
10942 0017
10942 0018
10942 0019
10942 0020
10943 0000
10943 0001
10943 0002
10944 0000
10944 0001
10944 0002
10945 0000
10945 0001
10945 0002
10945 0003
10945 0004
10945 0005
10945 0006
10945 0007
10946 0000
10946 0001
10946 0002
10946 0003
10946 0004
10946 0005
10946 0006
10946 0007
10946 0008
10946 0009
10946 0010
10947 0000
10947 0001
10947 0002
10947 0003
10947 0004
10947 0005
10947 0006
10947 0007
10947 0008
10947 0009
10947 0010
10947 0011
10947 0012
10948 0000
10948 0001
10948 0002
10948 0003
10949 0000
10949 0001
10949 0002
10949 0003
10949 0004
10949 0005
10949 0006
10949 0007
10949 0008
10949 0009
10949 0010
10949 0011
10949 0012
10949 0013
10950 0000
10950 0001
10950 0002
10951 0000
10951 0001
10954 0031
