11039 0029
11294 0016
11294 0017
11294 0018
11294 0019
11294 0020
11294 0021
11295 0000
11295 0001
11295 0002
11296 0000
11297 0000
11297 0001
11297 0002
11297 0003
11298 0000
11298 0001
11298 0002
11298 0003
11298 0004
11298 0005
11298 0006
11298 0007
11298 0008
11298 0009
11298 0010
11298 0011
11298 0012
11298 0013
11298 0014
11298 0015
11298 0016
11298 0017
11299 0000
11299 0001
11301 0000
11301 0001
11301 0002
11301 0003
11301 0004
11301 0005
11301 0006
11301 0007
11301 0008
11301 0009
11301 0010
11301 0011
11301 0012
11301 0013
11301 0014
11301 0015
11301 0016
11301 0017
11301 0018
11301 0019
11301 0020
11301 0021
11301 0022
11301 0023
11301 0024
11301 0025
11301 0026
11301 0027
11301 0028
11301 0029
11301 0030
11301 0031
11301 0032
11301 0033
11301 0034
11301 0035
11301 0036
11302 0000
11302 0001
11302 0002
11302 0003
11302 0004
11302 0005
11302 0006
11302 0007
11302 0008
11302 0009
11302 0010
11302 0011
11302 0012
11302 0013
11302 0014
11302 0015
11302 0016
11303 0000
11303 0001
11303 0002
11303 0003
11303 0004
11303 0005
11303 0006
11304 0000
11304 0001
11304 0002
11304 0003
11304 0004
11304 0005
11304 0006
11304 0007
11304 0008
11304 0009
11304 0010
11304 0011
11304 0012
11304 0013
11304 0014
11304 0015
11304 0016
11304 0017
11305 0000
11305 0001
11305 0002
11305 0003
11306 0000
11306 0001
11306 0002
11306 0003
11306 0004
11308 0000
11308 0001
11308 0002
11308 0003
11308 0004
11308 0005
11308 0006
11308 0007
11308 0008
11308 0009
11308 0010
11308 0011
11308 0012
11308 0013
11308 0014
11309 0000
11310 0000
11310 0001
11310 0002
11310 0003
11310 0004
11310 0005
11310 0006
11310 0007
11311 0000
11311 0001
11311 0002
11311 0003
11311 0004
11311 0005
11311 0006
11311 0007
11311 0008
11311 0009
11311 0010
11311 0011
11311 0012
11311 0013
11314 0000
11314 0001
11314 0002
11315 0000
11315 0001
11315 0002
11315 0003
11315 0004
11315 0005
11315 0006
11315 0007
11315 0008
11315 0009
11315 0010
11315 0011
11315 0012
11315 0013
11315 0014
11315 0015
11315 0016
11315 0017
11315 0018
11315 0019
11315 0020
11315 0021
11315 0022
11315 0023
11315 0024
11315 0025
11315 0026
11315 0027
11315 0028
11315 0029
11315 0030
11315 0031
11315 0032
11315 0033
11315 0034
11315 0035
11315 0036
11315 0037
11315 0038
11316 0000
11316 0001
11316 0002
11316 0003
11316 0004
11317 0000
11317 0001
11317 0002
11317 0003
11318 0000
11318 0001
11318 0002
11318 0003
11318 0004
11318 0005
11319 0000
11319 0001
11319 0002
11319 0003
11319 0004
11319 0005
11319 0006
11319 0007
11319 0008
11319 0009
11319 0010
11319 0011
11319 0012
11319 0013
11320 0000
11320 0001
11320 0002
11320 0003
11320 0004
11320 0005
11320 0006
11320 0007
11320 0008
11320 0009
11321 0000
11321 0001
11321 0002
11321 0003
11321 0004
11322 0000
11322 0001
11322 0002
11322 0003
11322 0004
11322 0005
11322 0006
11322 0007
11322 0008
11322 0009
11322 0010
11322 0011
11322 0012
11323 0000
11323 0001
11323 0002
11324 0000
11324 0001
11324 0002
11324 0003
11324 0004
11324 0005
11324 0006
11324 0007
11324 0008
11324 0009
11324 0010
11324 0011
11324 0012
11324 0013
11324 0014
11327 0000
11328 0000
11328 0001
11328 0002
11328 0003
11328 0004
11328 0005
11328 0006
11328 0007
11328 0008
11328 0009
11328 0010
11328 0011
11328 0012
11328 0013
11328 0014
11328 0015
11328 0016
11328 0017
11328 0018
11328 0019
11328 0020
11328 0021
11328 0022
11328 0023
11328 0024
11328 0025
11328 0026
11328 0027
11328 0028
11328 0029
11328 0030
11328 0031
11328 0032
11328 0033
11328 0034
11328 0035
11328 0036
11328 0037
11328 0038
11328 0039
11328 0040
11328 0041
11328 0042
11328 0043
11328 0044
11328 0045
11328 0046
11328 0047
11328 0048
11328 0049
11328 0050
11328 0051
11328 0052
11328 0053
11328 0054
11328 0055
11328 0056
11328 0057
11328 0058
11328 0059
11328 0060
11328 0061
11328 0062
11328 0063
11328 0064
11328 0065
11328 0066
11328 0067
11328 0068
11328 0069
11328 0070
11328 0071
11328 0072
11328 0073
11328 0074
11328 0075
11328 0076
11328 0077
11328 0078
11328 0079
11328 0080
11328 0081
11328 0082
11328 0083
11328 0084
11328 0085
11328 0086
11328 0087
11328 0088
11328 0089
11328 0090
11328 0091
11328 0092
11328 0093
11328 0094
11328 0095
11328 0096
11328 0097
11328 0098
11328 0099
11328 0100
11328 0101
11328 0102
11328 0103
11328 0104
11329 0000
11329 0001
11329 0002
11329 0003
11329 0004
11329 0005
11329 0006
11329 0007
11329 0008
11329 0009
11329 0010
11329 0011
11329 0012
11329 0013
11329 0014
11329 0015
11329 0016
11329 0017
11329 0018
11329 0019
11329 0020
11329 0021
11329 0022
11329 0023
11329 0024
11329 0025
11329 0026
11329 0027
11329 0028
11329 0029
11329 0030
11329 0031
11329 0032
11329 0033
11329 0034
11329 0035
11329 0036
11329 0037
11329 0038
11329 0039
11329 0040
11329 0041
11329 0042
11329 0043
11329 0044
11332 0000
11332 0001
11332 0002
11332 0003
11332 0004
11332 0005
11332 0006
11332 0007
11332 0008
11332 0009
11332 0010
11333 0000
11333 0001
11334 0000
11334 0001
11334 0002
11334 0003
11334 0004
11334 0005
11335 0000
11335 0001
11335 0002
11335 0003
11336 0000
11336 0001
11336 0002
11336 0003
11336 0004
11336 0005
11336 0006
11336 0007
11336 0008
11336 0009
11336 0010
11336 0011
11336 0012
11336 0013
11336 0014
11337 0000
11338 0000
11338 0001
11338 0002
11338 0003
11338 0004
11338 0005
11338 0006
11338 0007
11338 0008
11338 0009
11338 0010
11338 0011
11338 0012
11338 0013
11338 0014
11338 0015
11338 0016
11338 0017
11338 0018
11338 0019
11340 0000
11340 0001
11340 0002
11340 0003
11340 0004
11341 0000
11341 0001
11341 0002
11341 0003
11341 0004
11341 0005
11342 0000
11343 0000
11343 0001
11344 0000
11344 0001
11344 0002
11344 0003
11344 0004
11344 0005
11344 0006
11344 0007
11344 0008
11344 0009
11344 0010
11344 0011
11344 0012
11344 0013
11344 0014
11344 0015
11344 0016
11344 0017
11344 0018
11344 0019
11344 0020
11344 0021
11344 0022
11344 0023
11344 0024
11344 0025
11344 0026
11344 0027
11344 0028
11344 0029
11344 0030
11344 0031
11344 0032
11344 0033
11344 0034
11344 0035
11344 0036
11344 0037
11344 0038
11344 0039
11344 0040
11344 0041
11344 0042
11344 0043
11344 0044
11344 0045
11344 0046
11412 0005
11412 0006
11412 0007
11412 0008
11412 0009
11412 0010
11412 0011
11412 0012
11412 0013
11412 0014
11412 0015
11412 0016
11412 0017
11412 0018
11412 0019
11412 0020
11412 0021
11412 0022
11412 0023
11413 0000
11413 0001
11413 0002
11413 0003
11413 0004
11413 0005
11413 0006
11413 0007
11413 0008
11413 0009
11414 0000
11414 0001
11414 0002
11415 0000
11416 0000
11417 0000
11417 0001
11417 0002
11417 0003
11418 0000
11418 0001
11418 0002
11418 0003
11418 0004
11418 0005
11418 0006
11420 0000
11420 0001
11420 0002
11420 0003
11420 0004
11420 0005
11420 0006
11420 0007
11420 0008
11420 0009
11420 0010
11420 0011
11420 0012
11420 0013
11420 0014
11420 0015
11420 0016
11420 0017
11420 0018
11420 0019
11420 0020
11420 0021
11420 0022
11420 0023
11420 0024
11420 0025
11420 0026
11420 0027
11420 0028
11420 0029
11420 0030
11420 0031
11420 0032
11420 0033
11420 0034
11420 0035
11420 0036
11420 0037
11420 0038
11420 0039
11420 0040
11420 0041
11420 0042
11420 0043
11420 0044
11420 0045
11420 0046
11420 0047
11420 0048
11422 0000
11422 0001
11422 0002
11423 0000
11423 0001
11423 0002
11423 0003
11423 0004
11424 0000
11424 0001
11424 0002
11424 0003
11424 0004
11424 0005
11424 0006
11424 0007
11424 0008
11424 0009
11424 0010
11424 0011
11424 0012
11424 0013
11424 0014
11424 0015
11424 0016
11424 0017
11424 0018
11424 0019
11426 0000
11426 0001
11426 0002
11426 0003
11426 0004
11426 0005
11426 0006
11426 0007
11426 0008
11426 0009
11426 0010
11426 0011
11426 0012
11426 0013
11426 0014
11426 0015
11426 0016
11426 0017
11426 0018
11426 0019
11426 0020
11426 0021
11426 0022
11426 0023
11426 0024
11426 0025
11426 0026
11427 0000
11427 0001
11427 0002
11427 0003
11427 0004
11428 0000
11428 0001
11428 0002
11428 0003
11428 0004
11428 0005
11430 0000
11430 0001
11430 0002
11430 0003
11430 0004
11430 0005
11430 0006
11430 0007
11430 0008
11430 0009
11430 0010
11430 0011
11430 0012
11430 0013
11430 0014
11430 0015
11430 0016
11430 0017
11430 0018
11430 0019
11431 0000
11431 0001
11431 0002
11431 0003
11431 0004
11431 0005
11431 0006
11431 0007
11431 0008
11431 0009
11431 0010
11431 0011
11431 0012
11431 0013
11431 0014
11434 0000
11434 0001
11434 0002
11434 0003
11434 0004
11434 0005
11434 0006
11434 0007
11435 0000
11435 0001
11435 0002
11436 0000
11436 0001
11436 0002
11436 0003
11436 0004
11437 0000
11437 0001
11437 0002
11437 0003
11437 0004
11437 0005
11437 0006
11437 0007
11437 0008
11437 0009
11437 0010
11437 0011
11437 0012
11437 0013
11437 0014
11437 0015
11437 0016
11437 0017
11437 0018
11437 0019
11437 0020
11437 0021
11437 0022
11437 0023
11437 0024
11437 0025
11437 0026
11437 0027
11437 0028
11437 0029
11437 0030
11437 0031
11437 0032
11437 0033
11437 0034
11437 0035
11437 0036
11437 0037
11437 0038
11437 0039
11437 0040
11437 0041
11437 0042
11437 0043
11437 0044
11437 0045
11437 0046
11438 0000
11438 0001
11438 0002
11438 0003
11438 0004
11438 0005
11438 0006
11438 0007
11438 0008
11438 0009
11438 0010
11438 0011
11438 0012
11438 0013
11438 0014
11438 0015
11438 0016
11438 0017
11438 0018
11439 0000
11440 0000
11440 0001
11440 0002
11440 0003
11440 0004
11440 0005
11440 0006
11440 0007
11440 0008
11440 0009
11440 0010
11440 0011
11440 0012
11440 0013
11440 0014
11440 0015
11441 0000
11441 0001
11441 0002
11441 0003
11441 0004
11441 0005
11441 0006
11441 0007
11441 0008
11441 0009
11441 0010
11441 0011
11441 0012
11441 0013
11441 0014
11441 0015
11442 0000
11442 0001
11442 0002
11442 0003
11442 0004
11442 0005
11442 0006
11442 0007
11442 0008
11442 0009
11443 0000
11444 0000
11444 0001
11445 0000
11445 0001
11446 0000
11446 0001
11449 0000
11449 0001
11449 0002
11449 0003
11449 0004
11449 0005
11449 0006
11449 0007
11449 0008
11449 0009
11449 0010
11452 0007
11491 0042
11491 0043
11491 0044
11492 0000
11529 0040
11530 0004
11532 0021
11532 0023
11532 0039
11533 0026
11536 0007
11536 0020
11536 0022
11536 0042
11540 0009
11540 0011
11540 0012
11540 0013
11540 0019
11540 0022
11540 0023
11540 0024
11540 0026
11540 0030
11540 0031
11540 0032
11540 0040
11540 0056
11540 0060
11542 0028
11542 0040
11542 0047
11542 0053
11542 0054
11542 0059
11544 0000
11544 0003
11544 0009
11544 0034
11544 0044
11546 0016
11561 0004
11577 0000
11577 0001
11577 0002
11577 0003
11577 0004
11577 0005
11577 0006
11577 0007
11577 0008
11577 0009
11577 0010
11577 0011
11577 0012
11577 0013
11577 0014
11577 0015
11577 0016
11577 0017
11577 0018
11577 0019
11577 0020
11577 0021
11577 0022
11577 0023
11577 0024
11577 0025
11577 0026
11577 0027
11577 0028
11577 0029
11577 0030
11577 0031
11577 0032
11577 0033
11577 0034
11577 0035
11577 0036
11577 0037
11577 0038
11577 0039
11577 0040
11578 0000
11578 0001
11578 0002
11579 0000
11580 0000
11581 0000
11582 0000
11583 0000
11587 0000
11588 0000
11588 0001
11588 0002
11588 0003
11588 0004
11588 0005
11588 0006
11588 0007
11588 0008
11588 0009
11588 0010
11588 0011
11589 0000
11590 0000
11590 0001
11591 0000
11591 0001
11591 0002
11591 0003
11591 0004
11591 0005
11591 0006
11591 0007
11592 0000
11592 0001
11592 0002
11592 0003
11592 0004
11592 0005
11592 0006
11592 0007
11592 0008
11592 0009
11592 0010
11593 0000
11594 0000
11594 0001
11594 0002
11594 0003
11594 0004
11594 0005
11595 0000
11595 0001
11595 0002
11595 0003
11595 0004
11595 0005
11595 0006
11595 0007
11595 0008
11595 0009
11595 0010
11595 0011
11595 0012
11595 0013
11595 0014
11596 0000
11596 0001
11596 0002
11596 0003
11597 0000
11598 0000
11600 0000
11601 0000
11602 0000
11602 0001
11603 0000
11604 0000
11604 0001
11605 0000
11605 0001
11605 0002
11605 0003
11605 0004
11605 0005
11605 0006
11605 0007
11605 0008
11605 0009
11605 0010
11605 0011
11605 0012
11605 0013
11605 0014
11605 0015
11605 0016
11605 0017
11606 0000
11606 0001
11606 0002
11606 0003
11606 0004
11606 0005
11606 0006
11606 0007
11606 0008
11606 0009
11606 0010
11606 0011
11606 0012
11606 0013
11606 0014
11606 0015
11606 0016
11606 0017
11606 0018
11606 0019
11606 0020
11606 0021
11607 0000
11607 0001
11607 0002
11608 0000
11608 0001
11608 0002
11609 0000
11609 0001
11610 0000
11610 0001
11610 0002
11610 0003
11610 0004
11610 0005
11611 0000
11612 0000
11613 0000
11613 0001
11613 0002
11613 0003
11613 0004
11613 0005
11613 0006
11613 0007
11613 0008
11613 0009
11613 0010
11613 0011
11613 0012
11613 0013
11613 0014
11613 0015
11613 0016
11613 0017
11613 0018
11613 0019
11613 0020
11613 0021
11613 0022
11613 0023
11613 0024
11613 0025
11613 0026
11613 0027
11613 0028
11613 0029
11613 0030
11613 0031
11613 0032
11613 0033
11613 0034
11613 0035
11613 0036
11613 0037
11613 0038
11613 0039
11614 0000
11615 0000
11615 0001
11615 0002
11615 0003
11616 0000
11616 0001
11616 0002
11616 0003
11616 0004
11616 0005
11616 0006
11616 0007
11616 0008
11616 0009
11616 0010
11616 0011
11616 0012
11619 0000
11619 0001
11619 0002
11619 0003
11619 0004
11619 0005
11619 0006
11619 0007
11619 0008
11619 0009
11619 0010
11619 0011
11619 0012
11619 0013
11619 0014
11619 0015
11619 0016
11619 0017
11619 0018
11619 0019
11619 0020
11619 0021
11619 0022
11619 0023
11619 0024
11619 0025
11619 0026
11619 0027
11619 0028
11619 0029
11619 0030
11619 0031
11619 0032
11619 0033
11619 0034
11619 0035
11620 0000
11620 0001
11620 0002
11620 0003
11620 0004
11621 0000
11621 0001
11621 0002
11621 0003
11621 0004
11621 0005
11621 0006
11621 0007
11621 0008
11621 0009
11621 0010
11621 0011
11621 0012
11621 0013
11621 0014
11621 0015
11621 0016
11621 0017
11621 0018
11621 0019
11621 0020
11621 0021
11621 0022
11621 0023
11621 0024
11621 0025
11621 0026
11621 0027
11621 0028
11621 0029
11621 0030
11621 0031
11621 0032
11621 0033
11621 0034
11621 0035
11621 0036
11621 0037
11621 0038
11621 0039
11621 0040
11621 0041
11621 0042
11621 0043
11621 0044
11621 0045
11621 0046
11621 0047
11621 0048
11621 0049
11621 0050
11621 0051
11621 0052
11621 0053
11621 0054
11621 0055
11622 0000
11622 0001
11622 0002
11622 0003
11622 0004
11622 0005
11622 0006
11622 0007
11622 0008
11622 0009
11622 0010
11622 0011
11622 0012
11622 0013
11622 0014
11622 0015
11622 0016
11622 0017
11622 0018
11622 0019
11622 0020
11622 0021
11622 0022
11623 0000
11623 0001
11623 0002
11623 0003
11623 0004
11623 0005
11623 0006
11624 0000
11624 0001
11624 0002
11624 0003
11624 0004
11624 0005
11624 0006
11624 0007
11624 0008
11624 0009
11624 0010
11624 0011
11624 0012
11624 0013
11624 0014
11624 0015
11624 0016
11624 0017
11624 0018
11624 0019
11624 0020
11624 0021
11624 0022
11624 0023
11624 0024
11624 0025
11624 0026
11624 0027
11624 0028
11624 0029
11624 0030
11624 0031
11624 0032
11624 0033
11624 0034
11624 0035
11624 0036
11624 0037
11624 0038
11624 0039
11624 0040
11624 0041
11627 0000
11627 0001
11627 0002
11627 0003
11627 0004
11627 0005
11627 0006
11627 0007
11627 0008
11627 0009
11627 0010
11627 0011
11627 0012
11627 0013
11627 0014
11627 0015
11627 0016
11627 0017
11628 0000
11628 0001
11628 0002
11628 0003
11628 0004
11630 0000
11630 0001
11630 0002
11630 0003
11630 0004
11630 0005
11630 0006
11630 0007
11630 0008
11630 0009
11630 0010
11630 0011
11630 0012
11630 0013
11631 0000
11631 0001
11631 0002
11631 0003
11631 0004
11631 0005
11631 0006
11631 0007
11631 0008
11631 0009
11631 0010
11631 0011
11631 0012
11631 0013
11631 0014
11631 0015
11631 0016
11631 0017
11631 0018
11632 0000
11632 0001
11632 0002
11632 0003
11632 0004
11632 0005
11632 0006
11632 0007
11632 0008
11632 0009
11632 0010
11632 0011
11632 0012
11632 0013
11632 0014
11632 0015
11632 0016
11632 0017
11632 0018
11632 0019
11632 0020
11632 0021
11632 0022
11632 0023
11632 0024
11632 0025
11632 0026
11632 0027
11632 0028
11632 0029
11632 0030
11632 0031
11632 0032
11632 0033
11633 0000
11633 0001
11633 0002
11633 0003
11633 0004
11633 0005
11633 0006
11633 0007
11633 0008
11633 0009
11633 0010
11633 0011
11633 0012
11633 0013
11633 0014
11633 0015
11633 0016
11633 0017
11633 0018
11633 0019
11633 0020
11633 0021
11634 0000
11634 0001
11634 0002
11634 0003
11634 0004
11635 0000
11635 0001
11636 0000
11636 0001
11636 0002
11637 0000
11638 0000
11641 0000
11641 0001
11641 0002
11641 0003
11641 0004
11641 0005
11641 0006
11641 0007
11641 0008
11641 0009
11641 0010
11641 0011
11641 0012
11641 0013
11641 0014
11641 0015
11641 0016
11641 0017
11641 0018
11641 0019
11641 0020
11641 0021
11641 0022
11641 0023
11641 0024
11641 0025
11641 0026
11641 0027
11641 0028
11641 0029
11641 0030
11641 0031
11641 0032
11641 0033
11641 0034
11641 0035
11641 0036
11641 0037
11641 0038
11641 0039
11641 0040
11641 0041
11641 0042
11641 0043
11641 0044
11641 0045
11641 0046
11641 0047
11641 0048
11641 0049
11641 0050
11641 0051
11641 0052
11641 0053
11641 0054
11641 0055
11641 0056
11641 0057
11641 0058
11641 0059
11641 0060
11641 0061
11641 0062
11641 0063
11641 0064
11641 0065
11641 0066
11641 0067
11641 0068
11641 0069
11641 0070
11641 0071
11641 0072
11641 0073
11641 0074
11641 0075
11641 0076
11641 0077
11641 0078
11641 0079
11641 0080
11641 0081
11641 0082
11641 0083
11641 0084
11641 0085
11641 0086
11641 0087
11641 0088
11641 0089
11641 0090
11641 0091
11641 0092
11641 0093
11641 0094
11641 0095
11641 0096
11641 0097
11641 0098
11641 0099
11641 0100
11641 0101
11641 0102
11641 0103
11641 0104
11641 0105
11641 0106
11641 0107
11641 0108
11641 0109
11641 0110
11641 0111
11641 0112
11641 0113
11641 0114
11641 0115
11641 0116
11641 0117
11641 0118
11641 0119
11641 0120
11641 0121
11641 0122
11641 0123
11641 0124
11641 0125
11641 0126
11641 0127
11642 0000
11642 0001
11642 0002
11642 0003
11642 0004
11642 0005
11642 0006
11642 0007
11642 0008
11642 0009
11642 0010
11642 0011
11642 0012
11642 0013
11642 0014
11642 0015
11642 0016
11642 0017
11643 0000
11643 0001
11643 0002
11643 0003
11643 0004
11643 0005
11643 0006
11643 0007
11643 0008
11643 0009
11643 0010
11643 0011
11643 0012
11643 0013
11643 0014
11643 0015
11643 0016
11643 0017
11643 0018
11643 0019
11643 0020
11643 0021
11643 0022
11643 0023
11643 0024
11643 0025
11643 0026
11643 0027
11643 0028
11643 0029
11643 0030
11643 0031
11643 0032
11643 0033
11643 0034
11643 0035
11643 0036
11643 0037
11643 0038
11643 0039
11643 0040
11643 0041
11643 0042
11643 0043
11643 0044
11643 0045
11643 0046
11643 0047
11643 0048
11643 0049
11643 0050
11643 0051
11643 0052
11643 0053
11643 0054
11643 0055
11643 0056
11643 0057
11643 0058
11643 0059
11643 0060
11643 0061
11643 0062
11643 0063
11644 0000
11644 0001
11644 0002
11644 0003
11644 0004
11644 0005
11644 0006
11644 0007
11644 0008
11644 0009
11644 0010
11644 0011
11644 0012
11644 0013
11644 0014
11644 0015
11644 0016
11644 0017
11644 0018
11644 0019
11644 0020
11644 0021
11644 0022
11644 0023
11644 0024
11644 0025
11644 0026
11644 0027
11644 0028
11644 0029
11644 0030
11644 0031
11644 0032
11644 0033
11644 0034
11644 0035
11644 0036
11644 0037
11644 0038
11644 0039
11644 0040
11644 0041
11644 0042
11644 0043
11644 0044
11644 0045
11644 0046
11644 0047
11644 0048
11644 0049
11644 0050
11644 0051
11644 0052
11644 0053
11644 0054
11644 0055
11644 0056
11644 0057
11644 0058
11644 0059
11644 0060
11644 0061
11644 0062
11644 0063
11644 0064
11644 0065
11644 0066
11644 0067
11644 0068
11644 0069
11644 0070
11644 0071
11644 0072
11644 0073
11644 0074
11644 0075
11644 0076
11644 0077
11644 0078
11645 0000
11645 0001
11645 0002
11645 0003
11645 0004
11645 0005
11645 0006
11645 0007
11645 0008
11645 0009
11645 0010
11645 0011
11645 0012
11645 0013
11645 0014
11645 0015
11645 0016
11645 0017
11645 0018
11645 0019
11645 0020
11645 0021
11645 0022
11645 0023
11645 0024
11645 0025
11645 0026
11645 0027
11645 0028
11645 0029
11645 0030
11645 0031
11645 0032
11645 0033
11645 0034
11645 0035
11645 0036
11645 0037
11645 0038
11645 0039
11645 0040
11645 0041
11645 0042
11645 0043
11645 0044
11645 0045
11645 0046
11645 0047
11645 0048
11645 0049
11645 0050
11645 0051
11645 0052
11646 0000
11646 0001
11646 0002
11646 0003
11646 0004
11646 0005
11646 0006
11646 0007
11646 0008
11646 0009
11646 0010
11646 0011
11646 0012
11646 0013
11646 0014
11646 0015
11646 0016
11646 0017
11646 0018
11646 0019
11646 0020
11646 0021
11646 0022
11646 0023
11646 0024
11646 0025
11646 0026
11646 0027
11646 0028
11646 0029
11646 0030
11646 0031
11646 0032
11646 0033
11646 0034
11646 0035
11646 0036
11646 0037
11646 0038
11646 0039
11646 0040
11646 0041
11646 0042
11646 0043
11646 0044
11646 0045
11646 0046
11646 0047
11646 0048
11646 0049
11646 0050
11646 0051
11646 0052
11646 0053
11646 0054
11647 0000
11647 0001
11647 0002
11647 0003
11647 0004
11647 0005
11650 0000
11650 0001
11650 0002
11650 0003
11651 0000
11652 0000
11656 0000
11657 0000
11657 0001
11657 0002
11657 0003
11657 0004
11657 0005
11657 0006
11657 0007
11657 0008
11657 0009
11657 0010
11657 0011
11657 0012
11657 0013
11657 0014
11657 0015
11657 0016
11657 0017
11657 0018
11657 0019
11657 0020
11657 0021
11657 0022
11657 0023
11657 0024
11657 0025
11657 0026
11657 0027
11657 0028
11657 0029
11657 0030
11657 0031
11657 0032
11657 0033
11657 0034
11657 0035
11657 0036
11657 0037
11657 0038
11657 0039
11657 0040
11657 0041
11659 0000
11659 0001
11659 0002
11659 0003
11659 0004
11659 0005
11659 0006
11659 0007
11659 0008
11659 0009
11659 0010
11659 0011
11659 0012
11659 0013
11659 0014
11659 0015
11659 0016
11659 0017
11659 0018
11659 0019
11659 0020
11659 0021
11659 0022
11659 0023
11659 0024
11659 0025
11659 0026
11659 0027
11659 0028
11659 0029
11659 0030
11660 0000
11660 0001
11660 0002
11660 0003
11660 0004
11660 0005
11660 0006
11660 0007
11660 0008
11660 0009
11660 0010
11660 0011
11660 0012
11660 0013
11660 0014
11660 0015
11660 0016
11660 0017
11660 0018
11660 0019
11660 0020
11660 0021
11660 0022
11660 0023
11660 0024
11660 0025
11660 0026
11660 0027
11660 0028
11660 0029
11660 0030
11660 0031
11660 0032
11660 0033
11660 0034
11660 0035
11660 0036
11660 0037
11660 0038
11660 0039
11660 0040
11660 0041
11660 0042
11660 0043
11660 0044
11660 0045
11660 0046
11660 0047
11660 0048
11660 0049
11660 0050
11661 0000
11661 0001
11661 0002
11661 0003
11661 0004
11661 0005
11661 0006
11661 0007
11661 0008
11661 0009
11661 0010
11661 0011
11661 0012
11661 0013
11661 0014
11661 0015
11661 0016
11661 0017
11661 0018
11662 0000
11662 0001
11662 0002
11662 0003
11662 0004
11662 0005
11662 0006
11662 0007
11662 0008
11662 0009
11662 0010
11662 0011
11663 0000
11663 0001
11663 0002
11663 0003
11663 0004
11663 0005
11663 0006
11663 0007
11663 0008
11663 0009
11663 0010
11663 0011
11664 0000
11664 0001
11664 0002
11664 0003
11664 0004
11664 0005
11664 0006
11664 0007
11664 0008
11664 0009
11664 0010
11664 0011
11664 0012
11664 0013
11664 0014
11664 0015
11664 0016
11665 0000
11666 0000
11666 0001
11666 0002
11666 0003
11666 0004
11667 0000
11667 0001
11667 0002
11667 0003
11667 0004
11667 0005
11667 0006
11667 0007
11667 0008
11667 0009
11667 0010
11667 0011
11667 0012
11667 0013
11667 0014
11667 0015
11667 0016
11667 0017
11667 0018
11667 0019
11667 0020
11667 0021
11667 0022
11667 0023
11667 0024
11667 0025
11667 0026
11667 0027
11667 0028
11667 0029
11667 0030
11667 0031
11667 0032
11667 0033
11667 0034
11667 0035
11667 0036
11667 0037
11668 0000
11668 0001
11668 0002
11668 0003
11668 0004
11668 0005
11668 0006
11668 0007
11668 0008
11668 0009
11668 0010
11668 0011
11668 0012
11668 0013
11668 0014
11668 0015
11668 0016
11668 0017
11668 0018
11668 0019
11668 0020
11668 0021
11668 0022
11668 0023
11668 0024
11668 0025
11668 0026
11668 0027
11668 0028
11668 0029
11668 0030
11668 0031
11668 0032
11668 0033
11668 0034
11668 0035
11668 0036
11668 0037
11668 0038
11668 0039
11668 0040
11668 0041
11668 0042
11668 0043
11668 0044
11668 0045
11668 0046
11668 0047
11668 0048
11668 0049
11668 0050
11668 0051
11668 0052
11668 0053
11668 0054
11668 0055
11668 0056
11668 0057
11668 0058
11668 0059
11668 0060
11668 0061
11668 0062
11668 0063
11668 0064
11668 0065
11668 0066
11668 0067
11668 0068
11668 0069
11668 0070
11668 0071
11668 0072
11668 0073
11668 0074
11668 0075
11668 0076
11668 0077
11668 0078
11668 0079
11668 0080
11668 0081
11668 0082
11668 0083
11668 0084
11668 0085
11668 0086
11668 0087
11668 0088
11668 0089
11668 0090
11668 0091
11668 0092
11668 0093
11668 0094
11668 0095
11668 0096
11668 0097
11668 0098
11668 0099
11668 0100
11668 0101
11668 0102
11668 0103
11668 0104
11668 0105
11668 0106
11668 0107
11668 0108
11668 0109
11668 0110
11668 0111
11668 0112
11668 0113
11668 0114
11668 0115
11668 0116
11668 0117
11668 0118
11668 0119
11668 0120
11668 0121
11668 0122
11668 0123
11668 0124
11668 0125
11668 0126
11668 0127
11668 0128
11668 0129
11668 0130
11668 0131
11669 0000
11669 0001
11669 0002
11669 0003
11669 0004
11669 0005
11669 0006
11669 0007
11669 0008
11670 0000
11670 0001
11670 0002
11670 0003
11670 0004
11670 0005
11670 0006
11670 0007
11670 0008
11670 0009
11670 0010
11670 0011
11670 0012
11670 0013
11670 0014
11670 0015
11671 0000
11671 0001
11671 0002
11671 0003
11671 0004
11671 0005
11671 0006
11671 0007
11671 0008
11671 0009
11671 0010
11671 0011
11671 0012
11671 0013
11671 0014
11671 0015
11671 0016
11671 0017
11671 0018
11671 0019
11671 0020
11671 0021
11671 0022
11671 0023
11671 0024
11671 0025
11671 0026
11671 0027
11671 0028
11671 0029
11671 0030
11671 0031
11671 0032
11671 0033
11674 0000
11674 0001
11674 0002
11675 0000
11676 0000
11678 0000
11678 0001
11678 0002
11679 0000
11679 0001
11680 0000
11680 0001
11680 0002
11680 0003
11680 0004
11680 0005
11680 0006
11680 0007
11680 0008
11680 0009
11680 0010
11680 0011
11680 0012
11680 0013
11680 0014
11680 0015
11680 0016
11680 0017
11680 0018
11680 0019
11680 0020
11680 0021
11680 0022
11680 0023
11680 0024
11680 0025
11680 0026
11680 0027
11680 0028
11680 0029
11680 0030
11680 0031
11680 0032
11680 0033
11680 0034
11680 0035
11680 0036
11680 0037
11680 0038
11680 0039
11680 0040
11680 0041
11680 0042
11680 0043
11680 0044
11680 0045
11680 0046
11680 0047
11680 0048
11680 0049
11680 0050
11680 0051
11680 0052
11680 0053
11680 0054
11680 0055
11680 0056
11680 0057
11680 0058
11680 0059
11680 0060
11680 0061
11680 0062
11680 0063
11681 0000
11681 0001
11681 0002
11681 0003
11681 0004
11681 0005
11681 0006
11681 0007
11681 0008
11681 0009
11681 0010
11681 0011
11681 0012
11681 0013
11681 0014
11681 0015
11681 0016
11681 0017
11681 0018
11681 0019
11681 0020
11681 0021
11681 0022
11681 0023
11681 0024
11681 0025
11681 0026
11681 0027
11681 0028
11681 0029
11681 0030
11681 0031
11681 0032
11681 0033
11681 0034
11681 0035
11681 0036
11681 0037
11681 0038
11681 0039
11681 0040
11681 0041
11682 0000
11682 0001
11682 0002
11682 0003
11682 0004
11682 0005
11682 0006
11682 0007
11683 0000
11683 0001
11683 0002
11683 0003
11683 0004
11683 0005
11683 0006
11683 0007
11683 0008
11683 0009
11683 0010
11683 0011
11683 0012
11683 0013
11683 0014
11683 0015
11683 0016
11683 0017
11684 0000
11684 0001
11684 0002
11684 0003
11684 0004
11684 0005
11684 0006
11684 0007
11684 0008
11684 0009
11684 0010
11684 0011
11684 0012
11684 0013
11684 0014
11684 0015
11684 0016
11684 0017
11684 0018
11684 0019
11684 0020
11684 0021
11684 0022
11684 0023
11684 0024
11684 0025
11684 0026
11684 0027
11684 0028
11684 0029
11684 0030
11684 0031
11684 0032
11684 0033
11684 0034
11684 0035
11684 0036
11684 0037
11684 0038
11684 0039
11684 0040
11684 0041
11684 0042
11684 0043
11684 0044
11684 0045
11684 0046
11684 0047
11684 0048
11684 0049
11684 0050
11684 0051
11684 0052
11684 0053
11684 0054
11684 0055
11684 0056
11684 0057
11684 0058
11684 0059
11684 0060
11684 0061
11684 0062
11684 0063
11684 0064
11684 0065
11684 0066
11684 0067
11684 0068
11684 0069
11684 0070
11684 0071
11684 0072
11684 0073
11684 0074
11684 0075
11685 0000
11685 0001
11685 0002
11685 0003
11685 0004
11685 0005
11685 0006
11685 0007
11685 0008
11685 0009
11685 0010
11685 0011
11685 0012
11685 0013
11685 0014
11685 0015
11685 0016
11685 0017
11685 0018
11685 0019
11685 0020
11685 0021
11685 0022
11685 0023
11685 0024
11685 0025
11685 0026
11685 0027
11685 0028
11685 0029
11685 0030
11685 0031
11685 0032
11685 0033
11685 0034
11685 0035
11685 0036
11685 0037
11685 0038
11685 0039
11685 0040
11685 0041
11685 0042
11685 0043
11685 0044
11685 0045
11685 0046
11686 0000
11686 0001
11686 0002
11686 0003
11686 0004
11686 0005
11686 0006
11686 0007
11686 0008
11686 0009
11686 0010
11686 0011
11686 0012
11686 0013
11686 0014
11686 0015
11686 0016
11686 0017
11686 0018
11686 0019
11686 0020
11686 0021
11686 0022
11686 0023
11686 0024
11686 0025
11687 0000
11687 0001
11687 0002
11687 0003
11687 0004
11687 0005
11687 0006
11687 0007
11687 0008
11687 0009
11687 0010
11687 0011
11687 0012
11687 0013
11687 0014
11687 0015
11687 0016
11687 0017
11687 0018
11687 0019
11687 0020
11687 0021
11687 0022
11687 0023
11687 0024
11687 0025
11687 0026
11687 0027
11687 0028
11687 0029
11687 0030
11687 0031
11687 0032
11687 0033
11687 0034
11687 0035
11687 0036
11687 0037
11687 0038
11687 0039
11687 0040
11687 0041
11687 0042
11687 0043
11687 0044
11687 0045
11687 0046
11687 0047
11687 0048
11687 0049
11687 0050
11687 0051
11687 0052
11687 0053
11687 0054
11687 0055
11687 0056
11687 0057
11687 0058
11687 0059
11687 0060
11687 0061
11687 0062
11687 0063
11687 0064
11687 0065
11687 0066
11687 0067
11687 0068
11687 0069
11687 0070
11687 0071
11687 0072
11687 0073
11687 0074
11687 0075
11687 0076
11687 0077
11687 0078
11687 0079
11687 0080
11687 0081
11687 0082
11687 0083
11687 0084
11687 0085
11687 0086
11687 0087
11687 0088
11687 0089
11687 0090
11687 0091
11687 0092
11687 0093
11687 0094
11687 0095
11687 0096
11687 0097
11687 0098
11687 0099
11687 0100
11687 0101
11687 0102
11687 0103
11687 0104
11687 0105
11687 0106
11687 0107
11687 0108
11687 0109
11687 0110
11687 0111
11687 0112
11687 0113
11687 0114
11687 0115
11687 0116
11687 0117
11687 0118
11687 0119
11687 0120
11687 0121
11687 0122
11687 0123
11687 0124
11687 0125
11687 0126
11687 0127
