10252 0
10252 10
10252 20
10253 3
10254 3
10260 1
10260 11
10260 21
10261 3
10262 5
10263 2
10263 12
10263 22
10263 32
10264 6
10264 16
10264 26
10265 4
10266 4
10267 8
10269 5
10269 15
10270 7
10270 17
10273 1
10273 11
10273 21
10273 31
10273 41
10274 3
10276 0
10276 10
10277 5
10277 15
10278 1
10278 11
10279 5
10279 15
10279 25
10280 3
10280 13
10280 23
10280 33
10281 7
10281 17
10282 4
10282 14
10283 6
10283 16
10283 26
10283 36
10283 46
10283 56
10283 66
10286 3
10287 6
10288 2
10290 3
10290 13
10290 23
10290 33
10290 43
10290 53
10291 9
10291 21
10292 2
10293 1
10294 4
10294 14
10296 4
10297 9
10297 19
10299 3
10301 5
10301 15
10301 25
10301 35
10301 45
10302 2
10305 0
10330 0
10331 6
10332 9
10334 2
10334 12
10335 0
10335 10
10335 20
10335 30
10335 40
10335 50
10336 2
10337 1
10337 11
10337 21
10339 0
10339 10
10339 20
10339 30
10339 40
10339 50
10339 60
10340 4
10341 1
10342 7
10342 17
10343 4
10346 0
10347 3
10347 13
10350 2
10352 0
10354 1
10354 11
10354 21
10355 8
10356 4
10359 3
10364 4
10364 14
10365 7
10365 17
10365 27
10366 3
10373 3
10378 3
10380 14
10382 5
10382 15
10382 25
10382 35
10384 0
10385 1
10385 11
10386 5
10387 2
10391 0
10395 2
10396 9
10398 0
10400 1
10403 1
10403 11
10409 0
10415 2
10421 1
10422 3
10423 1
10428 0
10430 1
10431 5
10432 5
10433 2
10433 12
10436 6
10436 16
10436 26
10436 36
10436 46
10436 56
10436 66
10437 7
10437 17
10437 27
10439 2
10440 1
10442 2
10449 0
10454 5
10454 15
10454 25
10454 35
10455 6
10456 2
10460 1
10461 5
10461 15
10461 25
10465 1
10465 11
10466 5
10467 1
10468 7
10468 17
10472 0
10485 0
10488 0
10501 9
10502 6
10504 1
10504 11
10507 1
10510 1
10512 1
10512 11
10513 9
10513 19
10513 29
10513 39
10513 49
10515 5
10515 15
10517 0
10518 7
10518 17
10518 27
10518 37
10519 8
10519 18
10519 28
10519 38
10519 48
10520 5
10521 4
