8215 0001
8215 0002
8215 0003
8215 0004
8215 0005
8215 0006
8215 0007
8215 0008
8215 0009
8215 0010
8215 0011
8215 0012
8215 0013
8215 0014
8215 0015
8215 0016
8215 0017
8215 0018
8215 0019
8215 0020
8215 0021
8215 0022
8215 0023
8215 0024
8215 0025
8215 0026
8215 0027
8215 0028
8215 0029
8215 0030
8215 0031
8215 0032
8215 0033
8215 0034
8215 0035
8215 0036
8215 0037
8215 0038
8215 0039
8215 0040
8215 0041
8215 0042
8215 0043
8215 0044
8215 0045
8215 0046
8215 0047
8215 0048
8215 0049
8215 0050
8215 0051
8215 0052
8215 0053
8215 0054
8215 0055
8215 0056
8215 0057
8215 0058
8215 0059
8215 0060
8215 0061
8215 0062
8215 0063
8215 0064
8215 0065
8215 0066
8215 0067
8215 0068
8215 0069
8215 0070
8215 0071
8215 0072
8215 0073
8215 0074
8215 0075
8215 0076
8215 0077
8215 0078
8215 0079
8215 0080
8215 0081
8215 0082
8215 0083
8215 0084
8215 0085
8215 0086
8215 0087
8215 0088
8215 0089
8215 0090
8215 0091
8215 0092
8215 0093
8215 0094
8215 0095
8215 0096
8215 0097
8215 0098
8215 0099
8215 0100
8215 0101
8215 0102
8215 0103
8215 0104
8215 0105
8215 0106
8215 0107
8215 0108
8215 0109
8215 0110
8215 0111
8306 0000
8306 0001
8306 0002
8306 0003
8306 0004
8306 0005
8306 0006
8306 0007
8306 0008
8306 0009
8306 0010
8306 0011
8306 0012
8306 0013
8306 0014
8306 0015
8306 0016
8306 0017
8306 0018
8306 0019
8306 0020
8306 0021
8306 0022
8306 0023
8306 0024
8306 0025
8306 0026
8306 0027
8306 0028
8306 0029
8306 0030
8306 0031
8306 0032
8306 0033
8306 0034
8306 0035
8306 0036
8306 0037
8306 0038
8306 0039
8306 0040
8306 0041
8306 0042
8306 0043
8306 0044
8306 0045
8306 0046
8306 0047
8306 0048
8306 0049
8306 0050
8306 0051
8306 0052
8306 0053
8306 0054
8306 0055
8306 0056
8306 0057
8306 0058
8306 0059
8306 0060
8306 0061
8306 0062
8306 0063
8306 0064
8306 0065
8306 0066
8306 0067
8306 0068
8306 0069
8306 0070
8306 0071
8306 0072
8306 0073
8306 0074
8306 0075
8306 0076
8306 0077
8306 0078
8306 0079
8306 0080
8306 0081
8306 0082
8306 0083
8306 0084
8306 0085
8306 0086
8306 0087
8306 0088
8306 0089
8306 0090
8306 0091
8306 0092
8306 0093
8306 0094
8306 0095
8306 0096
8306 0097
8465 0000
8465 0001
8465 0002
8465 0003
8465 0004
8465 0005
8465 0006
8465 0007
8465 0008
8465 0009
8465 0010
8465 0011
8465 0012
8465 0013
8465 0014
8465 0015
8465 0016
8465 0017
8465 0018
8465 0019
8465 0020
8465 0021
8465 0022
8465 0023
8465 0024
8465 0025
8465 0026
8465 0027
8465 0028
8465 0029
8465 0030
8465 0031
8465 0032
8465 0033
8465 0034
8465 0035
8465 0036
8465 0037
8465 0038
8465 0039
8465 0040
8465 0041
8465 0042
8465 0043
8465 0044
8465 0045
8465 0046
8465 0047
8465 0048
8465 0049
8465 0050
8465 0051
8465 0052
8465 0053
8465 0054
8465 0055
8465 0056
8465 0057
8465 0058
8465 0059
8465 0060
8465 0061
8465 0062
8465 0063
8465 0064
8465 0065
8465 0066
8465 0067
8465 0068
8465 0069
8465 0070
8465 0071
8520 0000
8520 0001
8520 0002
8520 0003
8520 0004
8520 0005
8520 0006
8520 0007
8520 0008
8520 0009
8520 0010
8520 0011
8520 0012
8520 0013
8520 0014
8520 0015
8520 0016
8520 0017
8520 0018
8520 0019
8520 0020
8520 0021
8520 0022
8520 0023
8520 0024
8520 0025
8520 0026
8520 0027
8520 0028
8520 0029
8520 0030
8520 0031
8520 0032
8520 0033
8520 0034
8520 0035
8520 0036
8520 0037
8520 0038
8520 0039
8520 0040
8765 0000
8765 0001
8765 0002
8765 0003
8765 0004
8765 0005
8765 0006
8765 0007
8765 0008
8765 0009
8765 0010
8765 0011
8765 0012
8765 0013
8765 0014
8765 0015
8765 0016
8783 0000
8783 0001
8783 0002
8783 0003
8783 0004
8783 0005
8783 0006
8783 0007
8783 0008
8783 0009
8783 0010
8783 0011
8783 0012
8783 0013
8783 0014
8783 0015
8783 0016
8783 0017
8783 0018
8783 0019
8783 0020
8783 0021
8783 0022
8783 0023
8783 0024
8783 0025
8783 0026
8783 0027
8783 0028
8783 0029
8783 0030
8783 0031
8783 0032
8783 0033
8783 0034
8783 0035
8783 0036
8783 0037
8783 0038
8783 0039
8783 0040
8783 0041
8783 0042
8783 0043
8783 0044
