6606 0000
6606 0001
6606 0002
6606 0003
6606 0004
6606 0005
6606 0006
6606 0007
6606 0008
6606 0009
6606 0010
6606 0011
6606 0012
6606 0013
6606 0014
6606 0015
6606 0016
6606 0017
6606 0018
6606 0019
6606 0020
6606 0021
6606 0022
6606 0023
6606 0024
6606 0025
6606 0026
6606 0027
6606 0028
6606 0029
6606 0030
6606 0031
6606 0032
6606 0033
6606 0034
6606 0035
6606 0036
6606 0037
6606 0038
6646 0000
6646 0001
6646 0002
6646 0003
6646 0004
6646 0005
6646 0006
6646 0007
6646 0008
6646 0009
6646 0010
6646 0011
6646 0012
6646 0013
6646 0014
6646 0015
6646 0016
6646 0017
