7714 0000
7714 0001
7714 0002
7714 0003
7714 0004
7714 0005
7714 0006
7714 0007
7714 0008
7714 0009
7714 0010
7714 0011
7714 0012
7714 0013
7714 0014
7714 0015
7714 0016
7714 0017
7714 0018
7714 0019
7714 0020
7714 0021
7714 0022
7714 0023
7714 0024
7714 0025
7714 0026
7714 0027
7714 0028
7714 0029
7714 0030
7714 0031
7714 0032
7714 0033
7714 0034
7714 0035
7714 0036
7714 0037
7714 0038
7714 0039
7714 0040
7714 0041
7714 0042
7714 0043
7714 0044
7714 0045
7714 0046
7714 0047
7714 0048
7714 0049
7714 0050
7714 0051
7714 0052
7714 0053
7714 0054
7714 0055
7714 0056
7714 0057
7714 0058
7714 0059
7714 0060
7714 0061
7714 0062
7714 0063
7714 0064
7714 0065
7714 0066
7714 0067
7714 0068
7714 0069
7714 0070
7714 0071
7714 0072
7714 0073
7714 0074
7714 0075
7714 0076
7714 0077
7714 0078
7714 0079
7714 0080
7714 0081
7714 0082
7714 0083
7714 0084
7714 0085
7714 0086
7714 0087
7714 0088
7714 0089
7714 0090
7714 0091
7714 0092
7714 0093
7714 0094
7714 0095
7714 0096
7714 0097
7714 0098
7714 0099
7714 0100
7714 0101
7714 0102
