8309 0
8310 0
8310 1
8310 2
8310 3
8310 4
8310 5
8310 6
8310 7
8310 8
8310 9
8310 10
8310 11
8310 12
8310 13
8310 14
8310 15
8310 16
8310 17
8310 18
8310 19
8310 20
8310 21
8310 22
8310 23
8310 24
8310 25
8310 26
8310 27
8310 28
8310 29
8310 30
8310 31
8310 32
8310 33
8310 34
8310 35
8310 36
8310 37
8310 38
8310 39
8310 40
8310 41
8310 42
8310 43
8310 44
8310 45
8310 46
8310 47
8310 48
8310 49
8310 50
8310 51
8310 52
8310 53
8310 54
8310 55
8310 56
8310 57
8310 58
8310 59
8310 60
8310 61
8310 62
8310 63
8310 64
8310 65
8310 66
8310 67
8310 68
8310 69
8310 70
8310 71
8310 72
8310 73
8310 74
8310 75
8310 76
8310 77
8310 78
8310 79
8310 80
8310 81
8310 82
8310 83
8310 84
8310 85
8310 86
8310 87
8310 88
8310 89
8310 90
8310 91
8310 92
8310 93
8310 94
8310 95
8310 96
8310 97
8310 98
8310 99
8310 100
8310 101
8310 102
8310 103
8310 104
8310 105
8310 106
8310 107
8310 108
8310 109
8310 110
8310 111
8310 112
8310 113
8310 114
8310 115
8310 116
8310 117
8310 118
8310 119
8310 120
8310 121
8310 122
8310 123
8310 124
8310 125
8310 126
8310 127
8310 128
8310 129
8310 130
8310 131
8310 132
8310 133
8310 134
8310 135
8310 136
8310 137
8310 138
8310 139
8310 140
8310 141
8310 142
8310 143
8310 144
8310 145
8310 146
8310 147
8310 148
8310 149
8310 150
8310 151
8310 152
8310 153
8310 154
8310 155
8310 156
8310 157
8310 158
8310 159
8310 160
8310 161
8310 162
8310 163
8310 164
8310 165
8310 166
8310 167
8310 168
8310 169
8310 170
8310 171
8310 172
8310 173
8310 174
8310 175
8310 176
8310 177
8310 178
8310 179
8310 180
8310 181
8310 182
8310 183
8310 184
8310 185
8310 186
8310 187
8310 188
8310 189
8310 190
8310 191
8310 192
8310 193
8310 194
8310 195
8310 196
8310 197
8310 198
8310 199
8310 200
8310 201
8310 202
8310 203
8310 204
8310 205
8310 206
8310 207
8310 208
8310 209
8310 210
8310 211
8310 212
8310 213
8311 0
8311 1
8311 2
8311 3
8311 4
8311 5
8311 6
8311 7
8311 8
8311 9
8311 10
8311 11
8311 12
8311 13
8311 14
8311 15
8311 16
8311 17
8311 18
8311 19
8311 20
8311 21
8311 22
8311 23
8311 24
8311 25
8311 26
8311 27
8311 28
8311 29
8311 30
8311 31
8311 32
8311 33
8311 34
8311 35
8311 36
8311 37
8311 38
8311 39
8311 40
8311 41
8311 42
8311 43
8311 44
8311 45
8311 46
8311 47
8311 48
8311 49
8311 50
8311 51
8311 52
8311 53
8311 54
8311 55
8311 56
8311 57
8311 58
8311 59
8311 60
8311 61
8311 62
8311 63
8311 64
8311 65
8311 66
8311 67
8311 68
8311 69
8311 70
8311 71
8311 72
8311 73
8311 74
8311 75
8311 76
8311 77
8311 78
8311 79
8311 80
8311 81
8311 82
8311 83
8311 84
8311 85
8311 86
8311 87
8311 88
8311 89
8311 90
8311 91
8311 92
8311 93
8311 94
8311 95
8311 96
8311 97
8311 98
8311 99
8311 100
8311 101
8311 102
8311 103
8311 104
8311 105
8311 106
8311 107
8311 108
8311 109
8311 110
8311 111
8311 112
8311 113
8311 114
8311 115
8311 116
8311 117
8311 118
8311 119
8311 120
8311 121
8311 122
8311 123
8311 124
8311 125
8311 126
8311 127
8311 128
8311 129
8311 130
8311 131
8311 132
8311 133
8311 134
8311 135
8311 136
8311 137
8311 138
8311 139
8311 140
8311 141
8311 142
8311 143
8311 144
8311 145
8311 146
8311 147
8311 148
8311 149
8311 150
8311 151
8311 152
8311 153
8311 154
8311 155
8311 156
8311 157
8311 158
8311 159
8311 160
8311 161
8311 162
8311 163
8311 164
8311 165
8311 166
8311 167
8311 168
8311 169
8311 170
8311 171
8311 172
8311 173
8311 174
8311 175
8311 176
8311 177
8311 178
8311 179
8311 180
8311 181
8311 182
8311 183
8311 184
8311 185
8311 186
8311 187
8311 188
8311 189
8311 190
8311 191
8311 192
8311 193
8311 194
8311 195
8311 196
8311 197
8311 198
8311 199
8311 200
8311 201
8311 202
8311 203
8311 204
8311 205
8311 206
8311 207
8311 208
8311 209
8311 210
8311 211
8311 212
8311 213
8312 0
8316 0
8316 1
8316 2
8316 3
8316 4
8316 5
8316 6
8316 7
8316 8
8316 9
8316 10
8316 11
8316 12
8317 0
8317 1
8317 2
8325 0
8326 0
8326 1
8327 0
8328 0
8330 0
8330 1
8330 2
8330 3
8330 4
8330 5
8330 6
8330 7
8330 8
8330 9
8330 10
8330 11
8330 12
8330 13
8330 14
8330 15
8330 16
8330 17
8330 18
8330 19
8330 20
8330 21
8330 22
8330 23
8330 24
8330 25
8330 26
8330 27
8330 28
8330 29
8330 30
8330 31
8330 32
8330 33
8330 34
8330 35
8330 36
8330 37
8330 38
8330 39
8330 40
8330 41
8330 42
8330 43
8330 44
8330 45
8330 46
8330 47
8330 48
8330 49
8330 50
8330 51
8330 52
8330 53
8330 54
8330 55
8330 56
8330 57
8330 58
8330 59
8330 60
8330 61
8330 62
8330 63
8330 64
8330 65
8330 66
8330 67
8330 68
8330 69
8330 70
8330 71
8331 0
8331 1
8331 2
8331 3
8331 4
8331 5
8331 6
8331 7
8331 8
8331 9
8331 10
8331 11
8331 12
8331 13
8331 14
8331 15
8331 16
8331 17
8331 18
8331 19
8331 20
8331 21
8331 22
8331 23
8331 24
8331 25
8331 26
8331 27
8331 28
8331 29
8331 30
8331 31
8331 32
8331 33
8331 34
8331 35
8331 36
8331 37
8331 38
8331 39
8331 40
8331 41
8331 42
8331 43
8331 44
8331 45
8331 46
8331 47
8331 48
8331 49
8331 50
8331 51
8331 52
8331 53
8331 54
8331 55
8331 56
8331 57
8331 58
8331 59
8331 60
8331 61
8331 62
8331 63
8331 64
8331 65
8331 66
8331 67
8331 68
8331 69
8331 70
8331 71
8331 72
8331 73
8331 74
8331 75
8331 76
8331 77
8331 78
8331 79
8331 80
8331 81
8331 82
8331 83
8331 84
8331 85
8331 86
8331 87
8331 88
8331 89
8331 90
8331 91
8331 92
8331 93
8331 94
8331 95
8331 96
8331 97
8331 98
8331 99
8331 100
8331 101
8331 102
8331 103
8331 104
8331 105
8331 106
8331 107
8331 108
8331 109
8331 110
8331 111
8331 112
8331 113
8331 114
8331 115
8331 116
8331 117
8331 118
8331 119
8331 120
8331 121
8331 122
8331 123
8331 124
8331 125
8331 126
8331 127
8331 128
8331 129
8331 130
8331 131
8331 132
8331 133
8331 134
8331 135
8331 136
8331 137
8331 138
8332 0
8337 0
8337 1
8337 2
8337 3
8337 4
8337 5
8337 6
8337 7
8337 8
8337 9
8337 10
8337 11
8337 12
8337 13
8337 14
8337 15
8337 16
8337 17
8337 18
8337 19
8337 20
8337 21
8337 22
8337 23
8337 24
8337 25
8337 26
8337 27
8337 28
8337 29
8337 30
8337 31
8337 32
8337 33
8337 34
8337 35
8337 36
8337 37
8337 38
8338 0
8338 1
8338 2
8338 3
8338 4
8338 5
8338 6
8338 7
8338 8
8338 9
8338 10
8338 11
8338 12
8338 13
8338 14
8338 15
8338 16
8338 17
8338 18
8338 19
8338 20
8338 21
8338 22
8338 23
8338 24
8338 25
8338 26
8338 27
8338 28
8338 29
8338 30
8338 31
8338 32
8338 33
8338 34
8338 35
8338 36
8338 37
8338 38
8338 39
8338 40
8338 41
8338 42
8338 43
8338 44
8338 45
8338 46
8338 47
8338 48
8338 49
8338 50
8338 51
8338 52
8338 53
8338 54
8338 55
8338 56
8339 0
8340 0
8341 0
8342 0
8347 0
8347 1
8347 2
8347 3
8347 4
8347 5
8347 6
8347 7
8347 8
8347 9
8347 10
8347 11
8347 12
8347 13
8347 14
8347 15
8347 16
8347 17
8347 18
8347 19
8347 20
8347 21
8347 22
8347 23
8349 0
8349 1
8349 2
8349 3
8349 4
8349 5
8349 6
8349 7
8349 8
8349 9
8349 10
8349 11
8349 12
8349 13
8349 14
8349 15
8349 16
8349 17
8349 18
8349 19
8349 20
8349 21
8349 22
8349 23
8349 24
8349 25
8349 26
8349 27
8349 28
8349 29
8349 30
8349 31
8349 32
8349 33
8349 34
8349 35
8349 36
8349 37
8349 38
8349 39
8349 40
8349 41
8349 42
8349 43
8349 44
8349 45
8349 46
8349 47
8349 48
8349 49
8349 50
8349 51
8349 52
8349 53
8349 54
8349 55
8349 56
8349 57
8349 58
8349 59
8349 60
8349 61
8349 62
8349 63
8349 64
8349 65
8349 66
8349 67
8349 68
8349 69
8349 70
8349 71
8349 72
8349 73
8349 74
8349 75
8349 76
8349 77
8349 78
8349 79
8349 80
8350 0
8350 1
8350 2
8350 3
8350 4
8350 5
8350 6
8350 7
8350 8
8350 9
8350 10
8350 11
8350 12
8350 13
8350 14
8350 15
8350 16
8350 17
8350 18
8350 19
8350 20
8350 21
8350 22
8350 23
8350 24
8350 25
8350 26
8350 27
8350 28
8350 29
8350 30
8350 31
8350 32
8350 33
8351 0
8351 1
8351 2
8351 3
8351 4
8351 5
8351 6
8351 7
8351 8
8352 0
8352 1
8352 2
8352 3
8352 4
8352 5
8352 6
8352 7
8352 8
8352 9
8352 10
8352 11
8352 12
8352 13
8352 14
8352 15
8352 16
8352 17
8352 18
8352 19
8352 20
8352 21
8352 22
8352 23
8352 24
8352 25
8352 26
8352 27
8352 28
8352 29
8352 30
8352 31
8352 32
8352 33
8352 34
8352 35
8352 36
8352 37
8352 38
8352 39
8352 40
8352 41
8352 42
8352 43
8352 44
8352 45
8352 46
8352 47
8352 48
8352 49
8352 50
8352 51
8352 52
8352 53
8352 54
8352 55
8352 56
8352 57
8352 58
8352 59
8352 60
8352 61
8352 62
8352 63
8352 64
8352 65
8352 66
8352 67
8352 68
8352 69
8352 70
8352 71
8352 72
8352 73
8352 74
8352 75
8352 76
8352 77
8352 78
8352 79
8352 80
8352 81
8352 82
8352 83
8352 84
8352 85
8352 86
8352 87
8352 88
8352 89
8352 90
8352 91
8352 92
8352 93
8352 94
8352 95
8352 96
8352 97
8352 98
8352 99
8352 100
8352 101
8352 102
8352 103
8352 104
8352 105
8352 106
8352 107
8352 108
8352 109
8352 110
8352 111
8352 112
8352 113
8352 114
8352 115
8352 116
8352 117
8352 118
8352 119
8352 120
8352 121
8352 122
8352 123
8355 0
8355 1
8355 2
8355 3
8355 4
8355 5
8356 0
8356 1
8356 2
8356 3
8356 4
8356 5
8356 6
8356 7
8356 8
8356 9
8356 10
8356 11
8356 12
8356 13
8356 14
8356 15
8356 16
8356 17
8356 18
8356 19
8356 20
8356 21
8356 22
8356 23
8356 24
8356 25
8356 26
8356 27
8356 28
8356 29
8356 30
8356 31
8356 32
8356 33
8356 34
8356 35
8356 36
8356 37
8356 38
8356 39
8356 40
8356 41
8356 42
8356 43
8356 44
8356 45
8356 46
8356 47
8356 48
8356 49
8356 50
8356 51
8356 52
8356 53
8356 54
8356 55
8356 56
8356 57
8356 58
8356 59
8356 60
8356 61
8356 62
8356 63
8356 64
8356 65
8356 66
8356 67
8356 68
8356 69
8356 70
8356 71
8356 72
8357 0
8358 0
8358 1
8358 2
8359 0
8359 1
8359 2
8359 3
8359 4
8359 5
8359 6
8360 0
8360 1
8360 2
8360 3
8360 4
8360 5
8360 6
8360 7
8360 8
8360 9
8360 10
8360 11
8360 12
8360 13
8360 14
8360 15
8360 16
8360 17
8360 18
8360 19
8360 20
8360 21
8360 22
8360 23
8360 24
8360 25
8360 26
8360 27
8360 28
8360 29
8360 30
8360 31
8363 0
8364 0
8364 1
8364 2
8364 3
8364 4
8365 0
8366 0
8374 0
8375 0
8375 1
8375 2
8376 0
8377 0
8378 0
8383 0
8383 1
8383 2
8383 3
8383 4
8383 5
8383 6
8383 7
8383 8
8383 9
8383 10
8383 11
8383 12
8383 13
8383 14
8383 15
8383 16
8383 17
8383 18
8383 19
8383 20
8383 21
8383 22
8383 23
8383 24
8383 25
8383 26
8383 27
8383 28
8383 29
8383 30
8383 31
8383 32
8383 33
8383 34
8383 35
8383 36
8383 37
8383 38
8383 39
8383 40
8383 41
8383 42
8383 43
8383 44
8383 45
8383 46
8383 47
8383 48
8383 49
8383 50
8383 51
8383 52
8383 53
8383 54
8383 55
8383 56
8383 57
8383 58
8383 59
8383 60
8383 61
8384 0
8385 0
8385 1
8385 2
8385 3
8386 0
8386 1
8386 2
8386 3
8386 4
8386 5
8386 6
8386 7
8386 8
8386 9
8387 0
8387 1
8387 2
8387 3
8387 4
8387 5
8388 0
8388 1
8389 0
8389 1
8389 2
8389 3
8389 4
8389 5
8389 6
8389 7
8389 8
8389 9
8389 10
8389 11
8389 12
8389 13
8389 14
8389 15
8389 16
8389 17
8389 18
8389 19
8389 20
8389 21
8389 22
8389 23
8389 24
8389 25
8389 26
8389 27
8389 28
8389 29
8389 30
8389 31
8389 32
8389 33
8389 34
8389 35
8389 36
8389 37
8389 38
8389 39
8389 40
8389 41
8389 42
8389 43
8389 44
8389 45
8389 46
8389 47
8389 48
8389 49
8389 50
8389 51
8389 52
8389 53
8389 54
8389 55
8389 56
8389 57
8389 58
8389 59
8389 60
8389 61
8389 62
8389 63
8389 64
8389 65
8389 66
8390 0
8391 0
8392 0
8392 1
8392 2
8392 3
8392 4
8392 5
8392 6
8392 7
8392 8
8392 9
8392 10
8392 11
8392 12
8393 0
8393 1
8393 2
8393 3
8393 4
8393 5
8393 6
8393 7
8393 8
8393 9
8393 10
8393 11
8393 12
8393 13
8393 14
8393 15
8393 16
8393 17
8393 18
8393 19
8393 20
8393 21
8393 22
8393 23
8393 24
8393 25
8393 26
8393 27
8393 28
8393 29
8393 30
8393 31
8393 32
8393 33
8393 34
8393 35
8393 36
8393 37
8393 38
8393 39
8393 40
8393 41
8393 42
8393 43
8393 44
8393 45
8393 46
8393 47
8393 48
8393 49
8393 50
8393 51
8393 52
8393 53
8393 54
8394 0
8394 1
8394 2
8394 3
8394 4
8394 5
8394 6
8394 7
8394 8
8394 9
8394 10
8394 11
8394 12
8394 13
8394 14
8394 15
8394 16
8394 17
8394 18
8394 19
8394 20
8394 21
8394 22
8394 23
8394 24
8394 25
8394 26
8394 27
8394 28
8394 29
8394 30
8394 31
8394 32
8394 33
8394 34
8394 35
8394 36
8394 37
8394 38
8395 0
8395 1
8395 2
8395 3
8395 4
8395 5
8395 6
8395 7
8395 8
8395 9
8395 10
8395 11
8395 12
8395 13
8395 14
8395 15
8395 16
8395 17
8395 18
8395 19
8395 20
8395 21
8395 22
8395 23
8395 24
8395 25
8395 26
8395 27
8395 28
8395 29
8395 30
8395 31
8395 32
8395 33
8395 34
8395 35
8395 36
8395 37
8395 38
8395 39
8395 40
8395 41
8395 42
8395 43
8395 44
8395 45
8395 46
8395 47
8395 48
8395 49
8395 50
8395 51
8395 52
8395 53
8395 54
8395 55
8395 56
8395 57
8395 58
8395 59
8395 60
8395 61
8395 62
8395 63
8395 64
8395 65
8395 66
8395 67
8395 68
8395 69
8395 70
8395 71
8395 72
8395 73
8395 74
8395 75
8395 76
8395 77
8395 78
8395 79
8395 80
8395 81
8395 82
8395 83
8395 84
8395 85
8395 86
8395 87
8395 88
8395 89
8395 90
8395 91
8395 92
8395 93
8395 94
8395 95
8395 96
8395 97
8395 98
8395 99
8395 100
8395 101
8395 102
8395 103
8395 104
8395 105
8395 106
8395 107
8395 108
8395 109
8395 110
8395 111
8395 112
8395 113
8395 114
8395 115
8395 116
8395 117
8395 118
8395 119
8395 120
8395 121
8395 122
8395 123
8395 124
8395 125
8395 126
8395 127
8395 128
8395 129
8395 130
8395 131
8395 132
8395 133
8395 134
8395 135
8395 136
8395 137
8395 138
8395 139
8395 140
8395 141
8396 0
8396 1
8396 2
8396 3
8396 4
8396 5
8396 6
8396 7
8396 8
8396 9
8396 10
8396 11
8396 12
8396 13
8396 14
8396 15
8396 16
8396 17
8396 18
8396 19
8396 20
8396 21
8396 22
8396 23
8396 24
8396 25
8396 26
8396 27
8396 28
8396 29
8396 30
8396 31
8396 32
8396 33
8396 34
8396 35
8396 36
8396 37
8396 38
8396 39
8396 40
8396 41
8396 42
8396 43
8396 44
8396 45
8396 46
8396 47
8396 48
8396 49
8396 50
8396 51
8396 52
8396 53
8396 54
8396 55
8396 56
8396 57
8396 58
8396 59
8396 60
8396 61
8396 62
8396 63
8396 64
8396 65
8396 66
8396 67
8396 68
8396 69
8396 70
8396 71
8396 72
8396 73
8396 74
8396 75
8396 76
8396 77
8396 78
8396 79
8396 80
8396 81
8396 82
8396 83
8396 84
8396 85
8396 86
8396 87
8396 88
8396 89
8396 90
8396 91
8396 92
8396 93
8396 94
8396 95
8396 96
8396 97
8396 98
8396 99
8396 100
8396 101
8396 102
8396 103
8396 104
8396 105
8396 107
8396 108
8396 109
8396 110
8396 111
8396 112
8396 113
8396 114
8396 115
8396 116
8396 117
8396 118
8396 119
8396 120
8396 121
8396 122
8396 123
8396 124
8396 125
8396 126
8396 127
8396 128
8396 129
8396 130
8396 131
8396 132
8396 133
8396 134
8396 135
8396 136
8396 137
8396 138
8396 139
8396 140
8396 141
8396 142
8396 143
8396 144
8396 145
8396 146
8396 147
8396 148
8396 149
8396 150
8396 151
8396 152
8396 153
8396 154
8396 155
8396 156
8396 157
8396 158
8396 159
8396 160
8396 161
8396 162
8396 163
8396 164
8396 165
8396 166
8396 167
8396 168
8396 169
8396 170
8396 171
8396 172
8396 173
8396 174
8396 175
8396 176
8396 177
8396 178
8396 179
8396 180
8396 181
8396 182
8396 183
8396 184
8396 185
8396 186
8396 187
8396 188
8396 189
8396 190
8396 191
8396 192
8396 193
8396 194
8396 195
8396 196
8396 197
8396 198
8396 199
8396 200
8396 201
8396 202
8396 203
8396 204
8396 205
8396 206
8396 207
8396 208
8397 0
8397 1
8397 2
8397 3
8397 4
8398 0
8398 1
8398 2
8399 0
8399 1
8399 2
8399 3
8399 4
8399 5
8399 6
8399 7
8402 0
8402 1
8402 2
8402 3
8402 4
8402 5
8402 6
8402 7
8402 8
8402 9
8402 10
8402 11
8402 12
8402 13
8402 14
8402 15
8402 16
8402 17
8402 18
8402 19
8402 20
8402 21
8402 22
8402 23
8402 24
8402 25
8402 26
8402 27
8402 28
8402 29
8402 30
8402 31
8402 32
8402 33
8402 34
8402 35
8402 36
8402 37
8402 38
8402 39
8402 40
8402 41
8402 42
8402 43
8402 44
8402 45
8402 46
8402 47
8402 48
8402 49
8402 50
8402 51
8402 52
8402 53
8402 54
8402 55
8402 56
8403 0
8403 1
8403 2
8403 3
8403 4
8403 5
8403 6
8403 7
8403 8
8403 9
8403 10
8403 11
8403 12
8403 13
8403 14
8403 15
8403 16
8403 17
8403 18
8403 19
8403 20
8403 21
8403 22
8403 23
8403 24
8403 25
8403 26
8403 27
8403 28
8403 29
8403 30
8403 31
8403 32
8403 33
8403 34
8403 35
8403 36
8403 37
8403 38
8403 39
8403 40
8403 41
8403 42
8403 43
8403 44
8403 45
8403 46
8403 47
8403 48
8403 49
8403 50
8403 51
8403 52
8403 53
8403 54
8403 55
8403 56
8403 57
8403 58
8403 59
8403 60
8403 61
8403 62
8403 63
8403 64
8403 65
8403 66
8403 67
8403 68
8403 69
8403 70
8403 71
8403 72
8403 73
8403 74
8403 75
8403 76
8403 77
8403 78
8403 79
8403 80
8403 81
8403 82
8403 83
8403 84
8403 85
8403 86
8403 87
8403 88
8403 89
8403 90
8403 91
8403 92
8403 93
8403 94
8403 95
8403 96
8403 97
8403 98
8403 99
8403 100
8403 101
8403 102
8403 103
8403 104
8403 105
8403 106
8403 107
8403 108
8403 109
8403 110
8403 111
8403 112
8403 113
8403 114
8403 115
8404 0
8404 1
8404 2
8404 3
8404 4
8404 5
8404 6
8404 7
8404 8
8404 9
8404 10
8404 11
8404 12
8404 13
8404 14
8404 15
8404 16
8404 17
8404 18
8404 19
8404 20
8404 21
8404 22
8404 23
8404 24
8404 25
8404 26
8404 27
8404 28
8404 29
8404 30
8404 31
8404 32
8404 33
8404 34
8404 35
8404 36
8404 37
8405 0
8405 1
8405 2
8405 3
8405 4
8405 5
8405 6
8405 7
8405 8
8405 9
8405 10
8405 11
8405 12
8405 13
8405 14
8405 15
8405 16
8405 17
8405 18
8405 19
8405 20
8405 21
8405 22
8405 23
8405 24
8405 25
8405 26
8405 27
8405 28
8405 29
8405 30
8405 31
8405 32
8405 33
8405 34
8405 35
8406 0
8406 1
8406 2
8406 3
8406 4
8406 5
8406 6
8406 7
8406 8
8406 9
8406 10
8406 11
8406 12
8406 13
8406 14
8406 15
8406 16
8406 17
8406 18
8406 19
8406 20
8406 21
8406 22
8406 23
8406 24
8406 25
8406 26
8406 27
8406 28
8406 29
8406 30
8406 31
8406 32
8406 33
8407 0
8407 1
8409 0
8409 1
8411 0
8411 1
8411 2
8411 3
8411 4
8411 5
8411 6
8411 7
8411 8
8411 9
8411 10
8411 11
8411 12
8411 13
8411 14
8411 15
8411 16
8411 17
8411 18
8411 19
8411 20
8411 21
8411 22
8411 23
8411 24
8411 25
8411 26
8411 27
8411 28
8411 29
8411 30
8411 31
8411 32
8411 33
8411 34
8411 35
8411 36
8411 37
8411 38
8411 39
8411 40
8411 41
8411 42
8411 43
8411 44
8411 45
8412 0
8412 1
8412 2
8412 3
8412 4
8412 5
8412 6
8412 7
8413 0
8413 1
8413 2
8413 3
8413 4
8413 5
8413 6
8414 0
8414 1
8414 2
8414 3
8414 4
8414 5
8414 6
8414 7
8414 8
8414 9
8414 10
8414 11
8414 12
8414 13
8414 14
8414 15
8414 16
8414 17
8414 18
8414 19
8414 20
8414 21
8414 22
8414 23
8414 24
8414 25
8414 26
8414 27
8414 28
8414 29
8414 30
8414 31
8414 32
8414 33
8414 34
8414 35
8414 36
8414 37
8414 38
8414 39
8414 40
8414 41
8414 42
8414 43
8414 44
8414 45
8414 46
8414 47
8414 48
8414 49
8414 50
8414 51
8414 52
8415 0
8415 1
8415 2
8415 3
8415 4
8415 5
8415 6
8415 7
8415 8
8415 9
8415 10
8415 11
8415 12
8415 13
8415 14
8415 15
8415 16
8415 17
8415 18
8415 19
8415 20
8415 21
8415 22
8415 23
8415 24
8415 25
8415 26
8415 27
8415 28
8415 29
8415 30
8418 0
8418 1
8418 2
8418 3
8418 4
8418 5
8418 6
8418 7
8418 8
8418 9
8418 10
8418 11
8418 12
8418 13
8418 14
8418 15
8418 16
8418 17
8418 18
8418 19
8418 20
8418 21
8418 22
8418 23
8418 24
8418 25
8418 26
8418 27
8418 28
8418 29
8418 30
8418 31
8418 32
8418 33
8418 34
8418 35
8418 36
8418 37
8418 38
8418 39
8418 40
8418 41
8418 42
8418 43
8418 44
8418 45
8418 46
8418 47
8418 48
8418 49
8418 50
8418 51
8418 52
8418 53
8418 54
8418 55
8418 56
8418 57
8418 58
8418 59
8418 60
8418 61
8418 62
8418 63
8418 64
8418 65
8418 66
8418 67
8419 0
8419 1
8419 2
8419 3
8419 4
8419 5
8419 6
8419 7
8419 8
8419 9
8419 10
8419 11
8419 12
8419 13
8419 14
8419 15
8419 16
8419 17
8419 18
8419 19
8419 20
8419 21
8419 22
8419 23
8419 24
8419 25
8420 0
8420 1
8420 2
8420 3
8420 4
8420 5
8420 6
8420 7
8420 8
8420 9
8420 10
8420 11
8420 12
8420 13
8420 14
8420 15
8420 16
8420 17
8420 18
8420 19
8420 20
8420 21
8420 22
8420 23
8420 24
8420 25
8420 26
8420 27
8420 28
8420 29
8420 30
8420 31
8420 32
8420 33
8420 34
8420 35
8420 36
8420 37
8420 38
8420 39
8420 40
8421 0
8421 1
8421 2
8421 3
8421 4
8421 5
8421 6
8421 7
8421 8
8421 9
8421 10
8421 11
8421 12
8421 13
8421 14
8421 15
8421 16
8421 17
8421 18
8421 19
8421 20
8421 21
8421 22
8421 23
8421 24
8421 25
8421 26
8421 27
8421 28
8421 29
8421 30
8421 31
8421 32
8421 33
8421 34
8421 35
8421 36
8421 37
8421 38
8421 39
8421 40
8421 41
8421 42
8421 43
8421 44
8421 45
8421 46
8421 47
8421 48
8421 49
8421 50
8421 51
8421 52
8421 53
8421 54
8421 55
8421 56
8421 57
8421 58
8421 59
8421 60
8421 61
8421 62
8421 63
8421 64
8421 65
8422 0
8422 1
8422 2
8422 3
8422 4
8422 5
8422 6
8422 7
8422 8
8422 9
8422 10
8422 11
8422 12
8422 13
8422 14
8422 15
8422 16
8422 17
8422 18
8422 19
8423 0
8423 1
8423 2
8423 3
8423 4
8423 5
8423 6
8423 7
8423 8
8423 9
8423 10
8423 11
8423 12
8423 13
8423 14
8423 15
8423 16
8423 17
8423 18
8423 19
8423 20
8423 21
8423 22
8423 23
8423 24
8423 25
8423 26
8423 27
8423 28
8423 29
8423 30
8423 31
8423 32
8423 33
8423 34
8423 35
8423 36
8423 37
8423 38
8423 39
8423 40
8423 41
8423 42
8423 43
8423 44
8423 45
8423 46
8423 47
8423 48
8423 49
8423 50
8423 51
8423 52
8423 53
8423 54
8423 55
8423 56
8423 57
8423 58
8423 59
8423 60
8423 61
8423 62
8423 63
8423 64
8423 65
8423 66
8423 67
8423 68
8423 69
8423 70
8423 71
8423 72
8423 73
8423 74
8423 75
8423 76
8423 77
8423 78
8423 79
8423 80
8423 81
8423 82
8423 83
8423 84
8423 85
8423 86
8423 87
8424 0
8424 1
8424 2
8424 3
8424 4
8424 5
8424 6
8424 7
8424 8
8424 9
8424 10
8424 11
8424 12
8424 13
8424 14
8424 15
8424 16
8424 17
8424 18
8424 19
8424 20
8424 21
8424 22
8424 23
8424 24
8424 25
8424 26
8424 27
8424 28
8424 29
8424 30
8424 31
8425 0
8425 1
8425 2
8425 3
8425 4
8425 5
8425 6
8425 7
8425 8
8425 9
8425 10
8425 11
8425 12
8425 13
8425 14
8425 15
8425 16
8425 17
8425 18
8425 19
8425 20
8425 21
8425 22
8425 23
8425 24
8425 25
8425 26
8425 27
8425 28
8425 29
8425 30
8425 31
8425 32
8425 33
8425 34
8425 35
8425 36
8425 37
8425 38
8425 39
8425 40
8425 41
8425 42
8425 43
8425 44
8425 45
8425 46
8425 47
8425 48
8425 49
8425 50
8425 51
8425 52
8425 53
8425 54
8426 0
8426 1
8426 2
8426 3
8426 4
8426 5
8426 6
8426 7
8426 8
8426 9
8426 10
8426 11
8426 12
8426 13
8426 14
8426 15
8426 16
8426 17
8426 18
8426 19
8426 20
8427 0
8427 1
8427 2
8427 3
8427 4
8427 5
8427 6
8427 7
8427 8
8427 9
8427 10
8427 11
8427 12
8427 13
8427 14
8428 0
8428 1
8428 2
8428 3
8428 4
8428 5
8428 6
8428 7
8428 8
8428 9
8428 10
8428 11
8428 12
8428 13
8428 14
8428 15
8428 16
8428 17
8428 18
8428 19
8428 20
8428 21
8428 22
8428 23
8428 24
8428 25
8428 26
8428 27
8428 28
8428 29
8428 30
8428 31
8428 32
8428 33
8428 34
8428 35
8428 36
8428 37
8428 38
8429 0
8429 1
8429 2
8429 3
8429 4
8429 5
8429 6
8429 7
8429 8
8429 9
8429 10
8429 11
8429 12
8429 13
8429 14
8429 15
8429 16
8429 17
8429 18
8429 19
8430 0
8431 0
8431 1
8431 2
8431 3
8431 4
8431 5
8431 6
8431 7
8431 8
8431 9
8431 10
8431 11
8431 12
8431 13
8431 14
8431 15
8431 16
8431 17
8431 18
8431 19
8431 20
8431 21
8431 22
8431 23
8431 24
8431 25
8431 26
8431 27
8431 28
8431 29
8431 30
8431 31
8431 32
8431 33
8431 34
8431 35
8431 36
8431 37
8431 38
8431 39
8431 40
8431 41
8431 42
8431 43
8431 44
8431 45
8431 46
8431 47
8431 48
8431 49
8431 50
8431 51
8431 52
8431 53
8431 54
8431 55
8431 56
8431 57
8431 58
8431 59
8431 60
8431 61
8431 62
8431 63
8431 64
8431 65
8431 66
8431 67
8431 68
8431 69
8431 70
8431 71
8431 72
8431 73
8431 74
8431 75
8431 76
8431 77
8431 78
8431 79
8431 80
8431 81
8431 82
8431 83
8431 84
8431 85
8433 0
8433 1
8433 2
8433 3
8433 4
8433 5
8433 6
8433 7
8433 8
8433 9
8433 10
8433 11
8433 12
8433 13
8433 14
8433 15
8433 16
8433 17
8433 18
8433 19
8433 20
8433 21
8433 22
8434 0
8435 0
8436 0
8437 0
8438 0
8439 0
8439 1
8439 2
8440 0
8440 1
8440 2
8440 3
8440 4
8440 5
8440 6
8440 7
8440 8
8440 9
8440 10
8440 11
8440 12
8440 13
8440 14
8440 15
8440 16
8440 17
8440 18
8440 19
8440 20
8440 21
8440 22
8440 23
8440 24
8440 25
8440 26
8440 27
8440 28
8440 29
8440 30
8441 0
8441 1
8441 2
8441 3
8441 4
8442 0
8442 1
8442 2
8442 3
8443 0
8443 1
8444 0
8444 1
8444 2
8444 3
8444 4
8444 5
8444 6
8444 7
8444 8
8444 9
8444 10
8444 11
8444 12
8444 13
8444 14
8444 15
8444 16
8445 0
8445 1
8445 2
8446 0
8447 0
8448 0
8448 1
8448 2
8448 3
8448 4
8448 5
8448 6
8448 7
8448 8
8448 9
8448 10
8448 11
8448 12
8448 13
8448 14
8448 15
8448 16
8448 17
8448 18
8448 19
8448 20
8448 21
8448 22
8448 23
8448 24
8448 25
8448 26
8448 27
8448 28
8448 29
8448 30
8448 31
8448 32
8448 33
8448 34
8448 35
8448 36
8448 37
8448 38
8448 39
8448 40
8448 41
8448 42
8448 43
8448 44
8448 45
8448 46
8449 0
8449 1
8449 2
8449 3
8449 4
8449 5
8449 6
8449 7
8449 8
8449 9
8449 10
8449 11
8449 12
8449 13
8449 14
8449 15
8449 16
8449 17
8449 18
8449 19
8449 20
8449 21
8449 22
8449 23
8449 24
8449 25
8449 26
8449 27
8449 28
8449 29
8449 30
8450 0
8450 1
8450 2
8450 3
8450 4
8450 5
8450 6
8450 7
8453 0
8453 1
8453 2
8454 0
8455 0
8455 1
8455 2
8456 0
8456 1
8462 0
8462 1
8462 2
8462 3
8463 0
8463 1
8463 2
8463 3
8463 4
8472 1
8473 0
8473 1
8480 0
8480 1
8480 2
8480 3
8481 0
8481 1
8481 2
8481 3
8481 4
8481 5
8481 6
8481 7
8482 0
8482 1
8482 2
8482 3
8482 4
8482 5
8482 6
8482 7
8482 8
8482 9
8482 10
8482 11
8482 12
8482 13
8482 14
8482 15
8482 16
8482 17
8482 18
8482 19
8482 20
8482 21
8482 22
8482 23
8482 24
8482 25
8482 26
8482 27
8482 28
8482 29
8484 0
8484 1
8484 2
8484 3
8484 4
8484 5
8484 6
8484 7
8484 8
8484 9
8484 10
8484 11
8484 12
8484 13
8484 14
8484 15
8484 16
8484 17
8484 18
8484 19
8484 20
8484 21
8485 0
8485 1
8485 2
8485 3
8485 4
8485 5
8485 6
8485 7
8485 8
8485 9
8485 10
8485 11
8485 12
8485 13
8485 14
8485 15
8485 16
8485 17
8485 18
8485 19
8485 20
8485 21
8485 22
8485 23
8485 24
8485 25
8485 26
8485 27
8485 28
8485 29
8485 30
8486 0
8486 1
8486 2
8520 40
8523 0
8523 1
8523 2
8523 3
8523 4
8523 5
8523 6
8523 7
8523 8
8523 9
8523 10
8523 11
8523 12
8523 13
8523 14
8523 15
8523 16
8523 17
8523 18
8524 0
8524 1
8524 2
8525 0
8525 1
8525 2
8525 3
8525 4
8525 5
8525 6
8525 7
8525 8
8525 9
8525 10
8525 11
8525 12
8525 13
8525 14
8525 15
8525 16
8525 17
8526 0
8527 0
8528 0
8528 1
8529 0
8529 1
8529 2
8529 3
8529 4
8529 5
8529 6
8529 7
8529 8
8529 9
8529 10
8529 11
8529 12
8529 13
8529 14
8529 15
8529 16
8529 17
8530 0
8530 1
8530 2
8530 3
8530 4
8530 5
8530 6
8530 7
8530 8
8530 9
8530 10
8530 11
8530 12
8530 13
8530 14
8530 15
8530 16
8530 17
8530 18
8530 19
8530 20
8530 21
8530 22
8530 23
8530 24
8530 25
8530 26
8530 27
8530 28
8530 29
8530 30
8530 31
8530 32
8530 33
8530 34
8530 35
8530 36
8530 37
8530 38
8530 39
8530 40
8530 41
8530 42
8530 43
8530 44
8530 45
8530 46
8530 47
8530 48
8530 49
8530 50
8530 51
8530 52
8530 53
8530 54
8530 55
8530 56
8530 57
8530 58
8530 59
8531 0
8532 0
8532 1
8532 2
8532 3
8532 4
8533 0
8533 1
8533 2
8533 3
8533 4
8534 0
8534 1
8535 0
8535 1
8536 0
8536 1
8537 0
8538 0
8538 1
8538 3
8538 4
8538 5
8538 6
8538 7
8538 8
8539 0
8540 0
8541 0
8543 0
8543 1
8543 2
8543 3
8543 4
8543 5
8543 6
8543 7
8543 8
8544 0
8544 1
8544 2
8544 3
8544 4
8544 5
8544 6
8544 7
8544 8
8544 9
8544 10
8544 11
8544 12
8545 0
8545 1
8545 2
8545 3
8545 4
8545 5
8545 6
8545 7
8548 0
8548 1
8549 0
8549 1
8549 2
8549 3
8549 4
8549 5
8549 6
8549 7
8549 8
8549 9
8549 10
8549 11
8550 0
8550 1
8550 2
8550 3
8550 4
8550 5
8550 6
8550 7
8550 8
8550 9
8550 10
8550 11
8550 12
8550 13
8550 14
8550 15
8550 16
8550 17
8550 18
8550 19
8550 20
8550 21
8550 22
8550 23
8550 24
8550 25
8550 26
8550 27
8550 28
8550 29
8550 30
8550 31
8550 32
8550 33
8550 34
8550 35
8550 36
8550 37
8550 38
8550 39
8551 0
8551 1
8551 2
8551 3
8551 4
8551 5
8551 6
8551 7
8551 8
8551 9
8551 10
8551 11
8551 12
8551 13
8551 14
8551 15
8552 0
8552 1
8552 2
8552 3
8552 4
8552 5
8552 6
8552 7
8552 8
8552 9
8552 10
8552 11
8552 12
8552 13
8552 14
8552 15
8552 16
8552 17
8552 18
8552 19
8552 20
8552 21
8552 22
8552 23
8552 24
8552 25
8552 26
8552 27
8552 28
8552 29
8552 30
8552 31
8552 32
8552 33
8552 34
8552 35
8552 36
8552 37
8552 38
8552 39
8552 40
8552 41
8552 42
8552 43
8552 44
8552 45
8552 46
8552 47
8552 48
8552 49
8552 50
8552 51
8552 52
8552 53
8552 54
8552 55
8552 56
8552 57
8552 58
8552 59
8552 60
8552 61
8552 62
8552 63
8552 64
8552 65
8552 66
8552 67
8552 68
8552 69
8552 70
8552 71
8552 72
8552 73
8552 74
8552 75
8552 76
8552 77
8552 78
8552 79
8552 80
8552 81
8552 82
8552 83
8552 84
8552 85
8552 86
8552 87
8552 88
8552 89
8552 90
8552 91
8552 92
8552 93
8552 94
8552 95
8552 96
8552 97
8552 98
8552 99
8552 100
8552 101
8552 102
8552 103
8552 104
8552 105
8552 106
8552 107
8552 108
8553 0
8553 1
8554 0
8555 0
8555 1
8555 2
8555 3
8555 4
8558 0
8558 1
8559 0
8560 0
8560 1
8560 2
8560 3
8561 0
8561 1
8561 2
8561 3
8561 4
8561 5
8561 6
8561 7
8561 8
8561 9
8561 10
8562 0
8562 1
8562 2
8562 3
8562 4
8562 5
8562 6
8562 7
8562 8
8562 9
8562 10
8562 11
8562 12
8562 13
8562 14
8562 15
8562 16
8562 17
8562 18
8562 19
8562 20
8562 21
8563 0
8563 1
8563 2
8563 3
8563 4
8563 5
8563 6
8563 7
8563 8
8563 9
8563 10
8563 11
8563 12
8563 13
8563 14
8563 15
8563 16
8563 17
8563 18
8563 19
8563 20
8563 21
8563 22
8563 23
8563 24
8563 25
8563 26
8563 27
8563 28
8563 29
8563 30
8563 31
8563 32
8563 33
8563 34
8563 35
8563 36
8563 37
8563 38
8563 39
8563 40
8563 41
8563 42
8563 43
8563 44
8563 45
8563 46
8563 47
8563 48
8563 49
8563 50
8563 51
8563 52
8564 0
8564 1
8564 2
8564 3
8564 4
8564 5
8564 6
8564 7
8564 8
8564 9
8564 10
8564 11
8564 12
8564 13
8564 14
8564 15
8564 16
8564 17
8564 18
8564 19
8565 0
8565 1
8565 2
8565 3
8565 4
8565 5
8566 0
8566 1
8566 2
8566 3
8566 4
8566 5
8566 6
8566 7
8566 8
8566 9
8566 10
8566 11
8566 12
8566 13
8566 14
8566 15
8566 16
8566 17
8566 18
8566 19
8566 20
8566 21
8566 22
8566 23
8566 24
8566 25
8566 26
8566 27
8566 28
8566 29
8566 30
8566 31
8566 32
8566 33
8566 34
8566 35
8566 36
8566 37
8566 38
8566 39
8566 40
8566 41
8566 42
8566 43
8566 44
8566 45
8566 46
8566 47
8566 48
8566 49
8566 50
8566 51
8566 52
8566 53
8566 54
8566 55
8566 56
8566 57
8566 58
8566 59
8566 60
8566 61
8566 62
8566 63
8566 64
8566 65
8566 66
8566 67
8566 68
8566 69
8566 70
8566 71
8566 72
8566 73
8566 74
8566 75
8566 76
8566 77
8566 78
8566 79
8566 80
8569 1
8569 2
8569 3
8569 4
8569 5
8569 6
8569 7
8569 8
8569 9
8569 10
8569 11
8569 12
8569 13
8569 14
8569 15
8569 16
8569 17
8569 18
8569 19
8569 20
8569 21
8569 22
8569 23
8569 24
8569 25
8569 26
8569 27
8569 28
8569 29
8569 30
8569 31
8569 32
8569 33
8569 34
8569 35
8569 36
8569 37
8569 38
8569 39
8569 40
8569 41
8569 42
8569 43
8569 44
8569 45
8569 46
8569 47
8569 48
8569 49
8569 50
8569 51
8569 52
8569 53
8569 54
8569 55
8569 56
8569 57
8569 58
8569 59
8569 60
8569 61
8569 62
8569 63
8569 64
8569 65
8569 66
8569 67
8569 68
8569 69
8569 70
8569 71
8569 72
8569 73
8569 74
8569 75
8569 76
8569 77
8569 78
8569 79
8569 80
8569 81
8569 82
8569 83
8569 84
8570 0
8570 1
8570 2
8570 3
8570 4
8570 5
8570 6
8570 7
8570 8
8570 9
8570 10
8570 11
8570 12
8570 13
8570 14
8570 15
8570 16
8570 17
8570 18
8570 19
8570 20
8570 21
8570 22
8570 23
8570 24
8570 25
8570 26
8570 27
8570 28
8570 29
8570 30
8570 31
8570 32
8570 33
8570 34
8570 35
8570 36
8570 37
8570 38
8570 39
8570 40
8570 41
8570 42
8570 43
8570 44
8570 45
8570 46
8570 47
8570 48
8570 49
8570 50
8570 51
8570 52
8570 53
8570 54
8570 55
8570 56
8570 57
8570 58
8570 59
8570 60
8570 61
8570 62
8570 63
8570 64
8570 65
8570 66
8570 67
8570 68
8570 69
8570 70
8570 71
8570 72
8570 73
8570 74
8570 75
8570 76
8570 77
8570 78
8570 79
8570 80
8570 81
8570 82
8570 83
8570 84
8570 85
8570 86
8570 87
8570 88
8570 89
8570 90
8570 91
8570 92
8570 93
8570 94
8570 95
8570 96
8570 97
8570 98
8570 99
8570 100
8570 101
8570 102
8570 103
8570 104
8570 105
8570 106
8570 107
8570 108
8570 109
8570 110
8570 111
8570 112
8570 113
8570 114
8570 115
8570 116
8570 117
8570 118
8571 0
8571 1
8571 2
8571 3
8571 4
8571 5
8571 6
8571 7
8571 8
8571 9
8571 10
8571 11
8571 12
8571 13
8571 14
8571 15
8571 16
8571 17
8571 18
8571 19
8571 20
8571 21
8571 22
8571 23
8571 24
8571 25
8571 26
8571 27
8571 28
8571 29
8571 30
8571 31
8571 32
8571 33
8571 34
8571 35
8571 36
8571 37
8571 38
8571 39
8571 40
8571 41
8571 42
8571 43
8571 44
8571 45
8571 46
8571 47
8571 48
8571 49
8571 50
8571 51
8571 52
8571 53
8571 54
8571 55
8571 56
8571 57
8571 58
8571 59
8571 60
8571 61
8571 62
8571 63
8571 64
8571 65
8571 66
8571 67
8571 68
8571 69
8571 70
8571 71
8571 72
8571 73
8571 74
8571 75
8571 76
8571 77
8571 78
8571 79
8571 80
8571 81
8571 82
8571 83
8571 84
8571 85
8571 86
8571 87
8571 88
8571 89
8571 90
8571 91
8571 92
8571 93
8571 94
8571 95
8571 96
8571 97
8571 98
8571 99
8571 100
8571 101
8571 102
8571 103
8571 104
8571 105
8571 106
8571 107
8571 108
8571 109
8571 110
8571 111
8571 112
8571 113
8585 0
8585 1
8585 2
8585 3
8585 4
8585 5
8585 6
8585 7
8585 8
8585 9
8585 10
8585 11
8585 12
8585 13
8585 14
8585 15
8585 16
8585 17
8585 18
8585 19
8585 20
8585 21
8585 22
8585 23
8585 24
8585 25
8585 26
8585 27
8585 28
8585 29
8585 30
8585 31
8585 32
8585 33
8585 34
8585 35
8585 36
8585 37
8585 38
8585 39
8585 40
8585 41
8585 42
8585 43
8585 44
8585 45
8585 46
8585 47
8585 48
8585 49
8585 50
8585 51
8585 52
8585 53
8585 54
8585 55
8585 56
8585 57
8585 58
8585 59
8585 60
8585 61
8585 62
8585 63
8585 64
8585 65
8585 66
8585 67
8585 68
8585 69
8585 70
8585 71
8585 72
8585 73
8585 74
8585 75
8585 76
8585 77
8585 78
8585 79
8585 80
8585 83
8585 84
8585 85
8585 86
8585 87
8585 88
8585 89
8585 90
8585 91
8585 92
8585 93
8585 94
8585 95
8585 96
8585 97
8585 98
8585 99
8585 100
8585 101
8585 102
8585 103
8585 104
8585 105
8585 106
8585 107
8585 108
8585 109
8585 110
8585 111
8585 112
8585 113
8585 114
8585 115
8585 116
8585 117
8585 118
8585 119
8585 120
8585 121
8585 122
8585 123
8585 124
8585 125
8585 126
8585 127
8585 128
8585 129
8585 130
8585 131
8585 132
8585 133
8585 134
8585 135
8585 136
8585 137
8585 138
8585 139
8585 140
8585 141
8585 142
8585 143
8585 144
8585 145
8585 146
8585 147
8585 148
8585 149
8585 150
8585 151
8585 152
8585 153
8585 154
8585 155
8585 156
8585 157
8585 158
8585 159
8585 160
8585 161
8585 162
8585 163
8585 164
8585 165
8585 166
8585 167
8585 168
8585 169
8585 170
8585 171
8585 172
8585 173
8585 174
8585 175
8585 176
8585 177
8585 178
8585 179
8585 180
8585 181
8585 182
8585 183
8585 184
8585 185
8586 0
8586 1
8586 2
8586 3
8586 4
8586 5
8586 6
8586 7
8586 8
8586 9
8586 10
8586 11
8586 12
8586 13
8587 0
8587 1
8587 2
8587 3
8587 4
8587 5
8587 6
8587 7
8587 8
8587 9
8587 10
8587 11
8587 12
8587 13
8587 14
8587 15
8587 16
8587 17
8587 18
8587 19
8587 20
8587 21
8587 22
8587 23
8587 24
8587 25
8587 26
8587 27
8587 28
8587 29
8587 30
8587 31
8587 32
8587 33
8587 34
8587 35
8587 36
8587 37
8587 38
8587 39
8587 40
8587 41
8587 42
8587 43
8587 44
8587 45
8587 46
8587 47
8587 48
8587 49
8587 50
8587 51
8587 52
8587 53
8587 54
8587 55
8587 56
8587 57
8587 58
8587 59
8587 60
8587 61
8587 62
8587 63
8587 64
8587 65
8587 66
8587 67
8587 68
8587 69
8587 70
8587 71
8587 72
8587 73
8588 0
8589 0
8589 1
8589 2
8589 3
8589 4
8589 5
8589 6
8589 7
8589 8
8589 9
8589 10
8589 11
8589 12
8589 13
8589 14
8589 15
8589 16
8589 17
8589 18
8589 19
8589 20
8589 21
8589 22
8589 23
8589 24
8589 25
8589 26
8589 27
8589 28
8589 29
8589 30
8589 31
8589 32
8589 33
8589 34
8589 35
8589 36
8589 37
8589 38
8589 39
8589 40
8589 41
8589 42
8589 43
8589 44
8589 45
8590 0
8590 1
8590 2
8590 3
8590 4
8590 5
8590 6
8590 7
8590 8
8590 9
8590 10
8590 11
8590 12
8590 13
8590 14
8590 15
8590 16
8590 17
8590 18
8590 19
8590 20
8591 0
8591 1
8591 2
8591 3
8591 4
8591 5
8591 6
8591 7
8591 8
8591 9
8591 10
8591 11
8591 12
8591 13
8591 14
8591 15
8591 16
8591 17
8591 18
8605 0
8606 0
8606 1
8606 2
8610 0
8610 1
8610 2
8610 3
8610 4
8610 5
8610 6
8610 7
8610 8
8610 9
8610 10
8610 11
8610 12
8610 13
8610 14
8610 15
8610 16
8610 17
8610 18
8610 19
8610 20
8610 21
8610 22
8610 23
8610 24
8610 25
8610 26
8610 27
8610 28
8610 29
8610 30
8610 31
8610 32
8610 33
8610 34
8610 35
8610 36
8610 37
8610 38
8610 39
8610 40
8610 41
8610 42
8610 43
8610 44
8610 45
8610 46
8610 47
8610 48
8610 49
8610 50
8610 51
8610 52
8610 53
8610 54
8610 55
8610 56
8610 57
8610 58
8610 59
8610 60
8610 61
8610 62
8610 63
8610 64
8610 65
8610 66
8610 67
8610 68
8610 69
8610 70
8610 71
8610 72
8610 73
8610 74
8610 75
8610 76
8610 77
8610 78
8610 79
8610 80
8610 81
8611 0
8611 1
8611 2
8611 3
8611 4
8611 5
8611 6
8612 0
8612 1
8612 2
8612 3
8612 4
8612 5
8612 6
8613 0
8613 1
8613 2
8613 3
8613 4
8613 5
8613 6
8613 7
8613 8
8613 9
8613 10
8613 11
8613 12
8613 13
8613 14
8613 15
8613 16
8613 17
8613 18
8613 19
8613 20
8613 21
8613 22
8613 23
8613 24
8613 25
8613 26
8613 27
8613 28
8613 29
8613 30
8613 31
8613 32
8613 33
8613 34
8613 35
8613 36
8613 37
8613 39
8613 40
8613 41
8613 42
8613 43
8613 44
8613 45
8613 46
8613 47
8613 48
8613 49
8613 50
8613 51
8613 52
8614 0
8614 1
8614 2
8614 3
8614 4
8614 5
8615 0
8615 1
8615 2
8615 3
8615 4
8615 5
8615 6
8615 7
8615 8
8615 9
8615 10
8616 0
8616 1
8616 2
8616 3
8616 4
8616 5
8616 6
8616 7
8616 8
8616 9
8616 10
8616 11
8616 12
8616 13
8616 14
8616 15
8616 16
8616 17
8616 18
8616 19
8616 20
8616 21
8616 22
8616 23
8616 24
8616 25
8617 0
8617 1
8617 2
8617 3
8617 4
8617 5
8617 6
8617 7
8618 0
8619 0
8619 1
8619 2
8619 3
8619 4
8619 5
8619 6
8619 7
8619 8
8619 9
8619 10
8619 11
8619 12
8619 13
8619 14
8619 15
8619 16
8619 17
8619 18
8619 19
8619 20
8619 21
8619 22
8619 23
8619 24
8619 25
8619 26
8619 27
8619 28
8619 29
8619 30
8619 31
8619 32
8619 33
8619 34
8619 35
8619 36
8619 37
8619 38
8619 39
8619 40
8620 0
8620 1
8621 0
8624 0
8625 0
8627 0
8628 0
8628 1
8628 2
8629 0
8629 1
8629 2
8629 3
8629 4
8629 5
8629 6
8629 7
8629 8
8629 9
8629 10
8629 11
8629 12
8629 13
8629 14
8629 15
8629 16
8629 17
8629 18
8630 0
8630 1
8630 2
8630 3
8630 4
8630 5
8630 6
8630 7
8630 8
8630 9
8630 10
8630 11
8630 12
8630 13
8630 14
8630 15
8630 16
8630 17
8630 18
8630 19
8630 20
8630 21
8630 22
8630 23
8630 24
8630 25
8630 26
8630 27
8630 28
8630 29
8630 30
8630 31
8630 32
8630 33
8630 34
8630 35
8630 36
8630 37
8630 38
8630 39
8630 40
8630 41
8630 42
8630 43
8630 44
8630 45
8630 46
8630 47
8630 48
8630 49
8630 50
8630 51
8630 52
8630 53
8630 54
8630 55
8630 56
8630 57
8630 58
8630 59
8630 60
8630 61
8630 62
8630 63
8630 64
8630 65
8630 66
8630 67
8630 68
8630 69
8630 70
8630 71
8630 72
8630 73
8630 74
8630 75
8630 76
8630 77
8630 78
8630 79
8630 80
8630 81
8630 82
8630 83
8630 84
8630 85
8630 86
8630 87
8630 88
8630 89
8631 0
8631 1
8634 0
8634 1
8634 2
8634 3
8634 4
8634 5
8634 6
8634 7
8634 8
8634 9
8634 10
8634 11
8634 12
8634 13
8634 14
8634 15
8634 16
8634 17
8634 18
8634 19
8634 20
8634 21
8634 22
8634 23
8634 24
8634 25
8634 26
8634 27
8634 28
8634 29
8634 30
8634 31
8634 32
8634 33
8634 34
8634 35
8634 36
8634 37
8634 38
8634 39
8634 40
8634 41
8636 0
8636 1
8636 2
8636 3
8636 4
8636 5
8636 6
8636 7
8636 8
8636 9
8636 10
8636 11
8636 12
8636 13
8636 14
8636 15
8637 0
8637 1
8637 2
8637 3
8637 4
8637 5
8637 6
8637 7
8637 8
8637 9
8637 10
8637 11
8637 12
8637 13
8637 14
8637 15
8637 16
8637 17
8637 18
8637 19
8637 20
8637 21
8637 22
8637 23
8637 24
8637 25
8637 26
8637 27
8637 28
8637 29
8637 30
8637 31
8637 32
8637 33
8637 34
8637 35
8637 36
8637 37
8637 38
8637 39
8637 40
8637 41
8637 42
8637 43
8637 44
8637 45
8637 46
8637 47
8637 48
8637 49
8637 50
8637 51
8637 52
8637 53
8637 54
8637 55
8637 56
8637 57
8637 58
8637 59
8637 60
8637 61
8637 62
8637 63
8637 64
8637 65
8637 66
8637 67
8637 68
8637 69
8637 70
8637 71
8637 72
8637 73
8637 74
8637 75
8637 76
8637 77
8637 78
8637 79
8637 80
8637 81
8637 82
8637 83
8637 84
8637 85
8637 86
8637 87
8637 88
8637 89
8637 90
8637 91
8637 92
8637 93
8637 94
8637 95
8637 96
8637 97
8637 98
8637 99
8637 100
8637 101
8637 102
8637 103
8637 104
8637 105
8637 106
8637 107
8637 108
8637 109
8637 110
8637 111
8637 112
8637 113
8637 114
8637 115
8637 116
8637 117
8637 118
8637 119
8637 120
8637 121
8637 122
8637 123
8637 124
8637 125
8637 126
8637 127
8637 128
8637 129
8637 130
8637 131
8637 132
8637 133
8637 134
8637 135
8637 136
8637 137
8637 138
8637 139
8637 140
8637 141
8637 142
8637 143
8637 144
8637 145
8637 146
8637 147
8637 148
8637 149
8637 150
8637 151
8637 152
8637 153
8637 154
8637 155
8637 156
8637 157
8637 158
8637 159
8637 160
8637 161
8637 162
8637 163
8637 164
8637 165
8637 166
8637 167
8637 168
8637 169
8637 170
8637 172
8637 173
8637 174
8637 175
8637 176
8637 177
8637 178
8637 179
8637 180
8637 181
8637 182
8637 183
8637 184
8637 185
8637 186
8637 187
8637 188
8637 189
8637 190
8637 191
8637 192
8637 193
8637 194
8637 195
8637 196
8637 197
8637 198
8637 199
8637 200
8637 201
8637 202
8637 203
8637 204
8637 205
8637 206
8637 207
8637 208
8638 0
8639 0
8639 1
8639 2
8639 3
8639 4
8639 5
8639 6
8639 7
8642 0
8642 1
8642 2
8642 3
8642 4
8642 5
8642 6
8642 7
8642 8
8642 9
8642 10
8642 11
8642 12
8642 13
8642 14
8642 15
8642 16
8642 17
8642 18
8642 19
8642 20
8642 21
8642 22
8642 23
8642 24
8642 25
8642 26
8642 27
8642 28
8642 29
8642 30
8642 31
8642 32
8642 33
8642 34
8642 35
8642 36
8642 37
8642 38
8642 39
8642 40
8642 41
8642 42
8642 43
8642 44
8642 45
8642 46
8642 47
8642 48
8642 49
8642 50
8642 51
8642 52
8642 53
8642 54
8642 55
8642 56
8642 57
8642 58
8643 0
8643 1
8643 2
8643 3
8643 4
8643 5
8643 6
8643 7
8643 8
8643 9
8643 10
8643 11
8643 12
8643 13
8643 14
8643 15
8643 16
8643 17
8643 18
8643 19
8643 20
8643 21
8643 22
8643 23
8643 24
8643 25
8643 26
8643 27
8643 28
8643 29
8643 30
8643 31
8643 32
8643 33
8643 34
8643 35
8643 36
8643 37
8643 38
8643 39
8643 40
8643 41
8643 42
8643 43
8643 44
8643 45
8643 46
8643 47
8643 48
8644 0
8644 1
8644 2
8644 3
8644 4
8644 5
8644 6
8644 7
8649 0
8649 1
8649 2
8649 3
8649 4
8649 5
8649 6
8649 7
8649 8
8649 9
8649 10
8649 11
8649 12
8652 0
8653 0
8654 0
8655 0
8656 0
8657 0
8658 0
8659 0
8661 0
8662 0
8663 0
8664 0
8665 0
8665 1
8665 2
8665 3
8665 4
8666 0
8666 1
8666 2
8666 3
8666 4
8666 5
8666 6
8666 7
8666 8
8666 9
8666 10
8666 11
8666 12
8666 13
8666 14
8666 15
8666 16
8666 17
8666 18
8666 19
8666 20
8666 21
8666 22
8666 23
8666 24
8666 25
8666 26
8666 27
8666 28
8666 29
8666 30
8666 31
8666 32
8666 33
8666 34
8666 35
8666 36
8666 37
8666 38
8666 39
8666 40
8666 41
8666 42
8666 43
8666 44
8666 45
8666 46
8666 47
8666 48
8666 49
8666 50
8666 51
8666 52
8666 53
8666 54
8666 55
8666 56
8666 57
8666 58
8666 59
8666 60
8666 61
8666 62
8666 63
8666 64
8666 65
8666 66
8666 67
8666 68
8666 69
8666 70
8666 71
8666 72
8666 73
8666 74
8666 75
8666 76
8666 77
8666 78
8666 79
8666 80
8666 81
8666 82
8666 83
8666 84
8666 85
8666 86
8666 87
8666 88
8666 89
8666 90
8666 91
8666 92
8666 93
8666 94
8666 95
8666 96
8666 97
8666 98
8666 99
8666 100
8666 101
8666 102
8666 103
8666 104
8666 105
8666 106
8666 107
8666 108
8666 109
8666 110
8666 111
8666 112
8666 113
8666 114
8666 115
8666 116
8666 117
8666 118
8666 119
8666 120
8666 121
8666 122
8666 123
8666 124
8666 125
8666 126
8666 127
8666 128
8666 129
8666 130
8666 131
8666 132
8666 133
8666 134
8666 135
8666 136
8666 137
8666 138
8666 139
8666 140
8666 141
8666 142
8666 143
8666 144
8666 145
8666 146
8666 147
8666 148
8666 149
8666 150
8666 151
8666 152
8666 153
8666 154
8666 155
8666 156
8666 157
8667 0
8668 0
8668 1
8668 2
8668 3
8668 4
8668 5
8668 6
8668 7
8668 8
8668 9
8668 10
8668 11
8668 12
8668 13
8668 14
8668 15
8668 16
8668 17
8668 18
8668 19
8668 20
8668 21
8668 22
8668 23
8668 24
8668 25
8668 26
8669 0
8669 1
8669 2
8669 3
8669 4
8669 5
8669 6
8669 7
8669 8
8669 9
8669 10
8669 11
8669 12
8669 13
8669 14
8669 15
8669 16
8669 17
8669 18
8669 19
8669 20
8669 21
8669 22
8669 23
8669 24
8669 25
8669 26
8669 27
8669 28
8669 29
8669 30
8669 31
8669 32
8669 33
8669 34
8669 35
8669 36
8669 37
8669 38
8669 39
8669 40
8669 41
8669 42
8669 43
8669 44
8669 45
8669 46
8669 47
8669 48
8669 49
8669 50
8669 51
8669 52
8669 53
8669 54
8669 55
8669 56
8669 57
8669 58
8669 59
8669 60
8669 61
8669 62
8669 63
8669 64
8669 65
8669 67
8669 68
8669 69
8669 70
8669 71
8669 72
8669 73
8669 74
8669 75
8669 76
8669 77
8669 78
8670 0
8670 1
8670 2
8670 3
8670 4
8670 5
8670 6
8670 7
8670 8
8670 9
8670 10
8670 11
8670 12
8670 13
8670 14
8670 15
8670 16
8670 17
8670 18
8670 19
8670 20
8670 21
8670 22
8670 23
8670 24
8670 25
8670 26
8670 27
8670 28
8670 29
8670 30
8670 31
8670 32
8670 33
8670 34
8670 35
8670 36
8670 37
8670 38
8670 39
8670 40
8670 41
8670 42
8670 43
8670 44
8670 45
8670 46
8670 47
8670 48
8670 49
8670 50
8670 51
8670 52
8670 53
8670 54
8670 55
8670 56
8670 57
8670 58
8670 59
8670 60
8670 61
8670 62
8670 63
8670 64
8670 65
8670 66
8670 67
8670 68
8670 69
8670 70
8670 71
8670 72
8670 73
8670 74
8670 75
8670 76
8670 77
8670 78
8670 79
8670 80
8670 81
8670 82
8670 83
8670 84
8671 0
8672 0
8672 1
8672 2
8672 3
8673 0
8673 1
8673 2
8673 3
8673 4
8673 5
8673 6
8673 7
8673 8
8673 9
8673 10
8673 11
8674 0
8674 1
8674 2
8674 3
8674 4
8674 5
8674 6
8674 7
8674 8
8674 9
8674 10
8674 11
8674 12
8674 13
8674 14
8674 15
8674 16
8674 17
8674 18
8674 19
8674 20
8674 21
8674 22
8674 23
8674 24
8675 0
8675 1
8675 2
8675 3
8675 4
8675 5
8675 6
8675 7
8675 8
8675 9
8675 10
8675 11
8675 12
8675 13
8675 14
8675 15
8675 16
8675 17
8675 18
8675 19
8675 20
8675 21
8675 22
8675 23
8675 24
8675 25
8675 26
8675 27
8675 28
8675 29
8675 30
8675 31
8675 32
8675 33
8675 34
8675 35
8675 36
8675 37
8675 38
8675 39
8675 40
8675 41
8675 42
8675 43
8675 44
8675 45
8675 46
8675 47
8675 48
8675 49
8675 50
8675 51
8675 52
8675 53
8675 54
8675 55
8675 56
8675 57
8675 58
8675 59
8675 60
8675 61
8675 62
8675 63
8675 64
8675 65
8675 66
8675 67
8675 68
8675 69
8675 70
8675 71
8675 72
8675 73
8675 74
8675 75
8676 0
8676 1
8676 2
8676 3
8676 4
8676 5
8680 0
8680 1
8680 2
8680 3
8680 4
8680 5
8680 6
8680 7
8680 8
8680 9
8680 10
8680 11
8680 12
8680 13
8680 14
8680 15
8680 16
8680 17
8680 18
8680 19
8680 20
8680 21
8680 22
8680 23
8680 24
8680 25
8680 26
8680 27
8680 28
8680 29
8680 30
8680 31
8680 32
8680 33
8680 34
8680 35
8680 36
8680 37
8680 38
8680 39
8680 40
8680 41
8680 42
8680 43
8680 44
8680 45
8680 46
8680 47
8680 48
8680 49
8680 50
8680 51
8680 52
8680 53
8680 54
8680 55
8680 56
8680 57
8680 58
8680 59
8680 60
8680 61
8680 62
8680 63
8680 64
8680 65
8680 66
8680 67
8680 68
8680 69
8680 70
8680 71
8680 72
8680 73
8680 74
8680 75
8680 76
8681 0
8681 1
8681 2
8681 3
8681 4
8681 5
8681 6
8681 7
8681 8
8681 9
8681 10
8681 11
8681 12
8681 13
8681 14
8681 15
8681 16
8681 17
8681 18
8681 19
8681 20
8681 21
8681 22
8681 23
8681 24
8681 25
8681 26
8681 27
8681 28
8681 29
8681 30
8681 31
8681 32
8681 33
8681 34
8681 35
8681 36
8681 37
8681 38
8681 39
8681 40
8681 41
8681 42
8681 43
8681 44
8681 45
8681 46
8681 47
8681 48
8681 49
8681 50
8681 51
8681 52
8681 53
8681 54
8681 55
8681 56
8681 57
8681 58
8681 59
8681 60
8681 61
8681 62
8681 63
8681 64
8681 65
8682 0
8682 1
8682 2
8682 3
8682 4
8682 5
8682 6
8682 7
8682 8
8682 9
8682 10
8682 11
8682 12
8682 13
8682 14
8682 15
8682 16
8682 17
8682 18
8682 19
8682 20
8682 21
8682 22
8682 23
8682 24
8682 25
8682 26
8682 27
8682 28
8682 29
8682 30
8682 31
8682 32
8682 33
8682 34
8682 35
8682 36
8682 37
8682 38
8682 39
8682 40
8682 41
8682 42
8682 43
8682 44
8682 45
8682 46
8682 47
8682 48
8682 49
8682 50
8682 51
8682 52
8682 53
8682 54
8682 55
8682 56
8682 57
8682 58
8682 59
8682 60
8682 61
8682 62
8682 63
8682 64
8682 65
8682 66
8682 67
8682 68
8682 70
8682 71
8682 72
8682 73
8682 74
8682 75
8682 76
8682 77
8682 78
8682 79
8682 80
8682 81
8682 82
8682 83
8682 84
8682 85
8682 86
8682 87
8682 88
8682 89
8682 90
8682 91
8682 92
8682 93
8682 94
8682 95
8682 96
8682 97
8682 98
8682 99
8682 100
8682 101
8682 102
8682 103
8682 104
8682 105
8682 106
8682 107
8682 108
8682 109
8682 110
8682 111
8682 112
8682 113
8682 114
8682 115
8682 116
8682 117
8682 118
8682 119
8682 120
8682 121
8682 122
8682 123
8682 124
8682 125
8682 126
8682 127
8682 128
8682 129
8682 130
8682 131
8682 132
8682 133
8682 134
8682 135
8682 136
8682 137
8682 138
8682 139
8682 140
8682 141
8682 142
8682 143
8682 144
8682 145
8682 146
8682 147
8682 148
8682 149
8682 150
8682 151
8682 152
8682 153
8682 154
8682 155
8682 156
8682 157
8682 158
8682 159
8682 160
8682 161
8682 162
8682 163
8682 164
8682 165
8682 166
8682 167
8682 168
8682 169
8682 170
8682 171
8682 172
8682 173
8682 174
8682 175
8682 176
8682 177
8682 178
8682 179
8682 180
8682 181
8682 182
8682 183
8682 184
8682 185
8682 186
8682 187
8682 188
8682 189
8682 190
8682 191
8682 192
8682 193
8682 194
8682 195
8682 196
8682 197
8682 198
8682 199
8682 200
8682 201
8682 202
8682 203
8682 204
8682 205
8682 206
8682 207
8682 208
8682 209
8682 210
8682 211
8682 212
8682 213
8682 214
8682 215
8682 216
8682 217
8682 218
8682 219
8682 220
8682 221
8682 222
8682 223
8682 224
8682 225
8682 226
8682 227
8682 228
8682 229
8682 230
8682 231
8682 232
8682 233
8682 234
8682 235
8682 236
8682 237
8682 238
8682 239
8682 240
8682 241
8682 242
8682 243
8682 244
8682 245
8682 246
8682 247
8682 248
8682 249
8682 250
8682 251
8682 252
8682 253
8682 254
8682 255
8682 256
8682 257
8682 258
8682 259
8682 260
8682 261
8682 262
8682 263
8682 264
8682 265
8682 266
8682 267
8682 268
8682 269
8682 270
8682 271
8682 272
8682 273
8682 274
8682 275
8682 276
8682 277
8682 278
8682 279
8682 280
8682 281
8682 282
8682 283
8682 284
8682 285
8682 286
8682 287
8682 288
8685 0
8685 1
8685 2
8685 3
8685 4
8685 5
8685 6
8685 7
8685 8
8685 9
8685 10
8685 11
8685 12
8685 13
8685 14
8685 15
8685 16
8685 17
8685 18
8685 19
8685 20
8685 21
8685 22
8685 23
8685 24
8685 25
8685 26
8685 27
8685 28
8685 29
8685 30
8685 31
8685 32
8685 33
8685 34
8685 35
8685 36
8685 37
8685 38
8685 39
8685 40
8685 41
8685 42
8685 43
8685 44
8685 45
8685 46
8685 47
8685 48
8685 49
8685 50
8685 51
8685 52
8685 53
8685 54
8685 55
8685 56
8685 57
8685 58
8685 59
8685 60
8685 61
8685 62
8685 63
8685 64
8685 65
8685 66
8685 67
8685 68
8685 69
8685 70
8685 71
8685 72
8685 73
8685 74
8685 75
8685 76
8685 77
8685 78
8685 79
8685 80
8685 81
8685 82
8685 83
8685 84
8685 85
8685 86
8685 87
8685 88
8685 89
8685 90
8685 91
8685 92
8685 93
8685 94
8685 95
8685 96
8685 97
8685 98
8685 99
8685 100
8685 101
8685 102
8685 103
8685 104
8685 105
8685 106
8685 107
8685 108
8685 109
8685 110
8685 111
8685 112
8685 113
8685 114
8685 115
8685 116
8685 117
8688 0
8688 1
8688 2
8688 3
8688 4
8688 5
8706 0
8706 1
8706 2
8706 3
8706 4
8706 5
8706 6
8706 7
8706 8
8706 9
8706 10
8706 11
8707 0
8708 0
8708 1
8708 2
8708 3
8709 0
8709 1
8709 2
8710 0
8710 1
8710 2
8710 3
8710 4
8710 5
8710 6
8710 7
8710 8
8710 9
8710 10
8710 11
8710 12
8710 13
8710 14
8710 15
8710 16
8710 17
8710 18
8710 19
8710 20
8710 21
8710 22
8710 23
8710 24
8710 25
8710 26
8710 27
8710 28
8711 0
8711 1
8711 2
8711 3
8711 4
8711 5
8711 6
8711 7
8711 8
8711 9
8711 10
8711 11
8711 12
8711 13
8711 14
8711 15
8711 16
8711 17
8711 18
8711 19
8711 20
8711 21
8711 22
8711 23
8711 24
8711 25
8711 26
8711 27
8711 28
8711 29
8712 0
8712 1
8712 2
8712 3
8712 4
8712 5
8712 6
8712 7
8712 8
8712 9
8712 10
8712 11
8712 12
8712 13
8712 14
8712 15
8712 16
8712 17
8712 18
8712 19
8712 20
8712 21
8712 22
8712 23
8712 24
8712 25
8712 26
8712 27
8712 28
8712 29
8712 30
8712 31
8712 32
8712 33
8712 34
8712 35
8713 0
8713 1
8713 2
8713 3
8713 4
8713 5
8713 6
8713 7
8713 8
8713 9
8713 10
8713 11
8713 12
8713 13
8713 14
8713 15
8713 16
8713 17
8713 18
8713 19
8713 20
8713 21
8713 22
8713 23
8713 24
8713 25
8713 26
8713 27
8713 28
8713 29
8713 30
8713 31
8713 32
8713 33
8713 34
8713 35
8713 36
8713 37
8713 38
8713 39
8713 40
8713 41
8713 42
8713 43
8713 44
8713 45
8713 46
8713 47
8713 48
8713 49
8713 50
8713 51
8713 52
8713 53
8713 54
8713 55
8713 56
8713 57
8713 58
8713 59
8713 60
8713 61
8713 62
8713 63
8713 64
8713 65
8713 66
8713 67
8713 68
8713 69
8713 70
8713 71
8713 72
8713 73
8713 74
8713 75
8713 76
8713 77
8713 78
8713 79
8713 80
8713 81
8716 0
8716 1
8716 2
8716 3
8716 4
8716 5
8716 6
8716 7
8716 8
8716 9
8716 10
8716 11
8716 12
8716 13
8716 14
8716 15
8716 16
8716 17
8716 18
8716 19
8716 20
8716 21
8716 22
8716 23
8716 24
8716 25
8716 26
8716 27
8716 28
8716 29
8716 30
8716 31
8716 32
8716 33
8716 34
8716 35
8716 36
8716 37
8716 38
8716 39
8716 40
8716 41
8716 42
8716 43
8716 44
8716 45
8716 46
8716 47
8716 48
8716 49
8716 50
8716 51
8716 52
8716 53
8716 54
8716 55
8716 56
8716 57
8716 58
8716 59
8716 60
8716 61
8717 0
8717 1
8717 2
8717 3
8717 4
8717 5
8717 6
8717 7
8717 8
8717 9
8717 10
8717 11
8717 12
8717 13
8717 14
8717 15
8717 16
8717 17
8717 18
8717 19
8717 20
8717 21
8717 22
8717 23
8717 24
8717 25
8717 26
8717 27
8717 28
8717 29
8717 30
8717 31
8717 32
8717 33
8717 34
8717 35
8717 36
8717 37
8717 38
8717 39
8717 40
8717 41
8717 42
8717 43
8717 44
8717 45
8717 46
8718 0
8718 1
8718 2
8718 3
8718 4
8718 5
8718 6
8718 7
8718 8
8718 9
8718 10
8718 11
8718 12
8718 13
8718 14
8718 15
8718 16
8718 17
8718 18
8718 19
8718 20
8718 21
8718 22
8718 23
8718 24
8718 25
8718 26
8718 27
8718 28
8718 29
8718 30
8718 31
8718 32
8718 33
8718 34
8718 35
8718 36
8718 37
8718 38
8718 39
8718 40
8718 41
8718 42
8718 43
8718 44
8718 45
8718 46
8718 47
8718 48
8718 49
8718 50
8718 51
8718 52
8718 53
8718 54
8718 55
8718 56
8718 57
8718 58
8718 59
8718 60
8718 61
8718 62
8718 63
8718 64
8718 65
8718 66
8718 67
8718 68
8718 69
8718 70
8718 71
8718 72
8718 73
8718 74
8718 75
8718 76
8718 77
8718 78
8718 79
8718 80
8718 81
8718 82
8718 83
8718 84
8718 85
8718 86
8718 87
8719 0
8720 0
8720 1
8720 2
8720 3
8720 4
8720 5
8720 6
8720 7
8720 8
8720 9
8720 10
8720 11
8720 12
8720 13
8720 14
8720 15
8720 16
8720 17
8720 18
8720 19
8720 20
8720 21
8720 22
8720 23
8720 24
8720 25
8720 26
8720 27
8720 28
8720 29
8720 30
8720 31
8720 34
8720 35
8720 36
8720 37
8720 38
8720 39
8720 40
8720 41
8720 42
8720 43
8720 44
8720 45
8720 46
8720 47
8720 48
8720 49
8720 50
8720 51
8720 52
8720 53
8720 54
8720 55
8720 56
8720 57
8720 58
8720 59
8721 0
8722 0
8722 1
8722 2
8722 3
8722 4
8722 5
8722 6
8722 7
8722 8
8722 9
8722 10
8722 11
8722 12
8722 13
8722 14
8722 15
8722 16
8722 17
8722 18
8722 19
8722 20
8722 21
8722 22
8722 23
8722 24
8722 25
8722 26
8722 27
8722 28
8722 29
8722 30
8722 31
8722 32
8722 33
8722 34
8722 35
8722 36
8722 37
8722 38
8722 39
8722 40
8722 41
8723 0
8723 1
8723 2
8723 3
8723 4
8723 5
8723 6
8723 7
8723 8
8723 9
8723 10
8723 11
8724 0
8724 1
8724 2
8724 3
8724 4
8724 5
8724 6
8724 7
8724 8
8724 9
8724 10
8724 11
8724 12
8724 13
8724 14
8724 15
8724 16
8724 17
8724 18
8724 19
8724 20
8724 21
8724 22
8724 23
8724 24
8724 25
8724 26
8724 27
8724 28
8724 29
8724 30
8724 31
8724 32
8724 33
8724 34
8724 35
8724 36
8724 37
8724 38
8724 39
8724 40
8724 41
8724 42
8724 43
8724 44
8724 45
8724 46
8724 47
8724 48
8724 49
8724 50
8724 51
8724 52
8724 53
8724 54
8724 55
8724 56
8724 57
8724 58
8724 59
8724 60
8724 61
8724 62
8724 63
8724 64
8724 65
8724 66
8724 67
8724 68
8724 69
8724 70
8724 71
8724 72
8724 73
8724 74
8724 75
8724 76
8724 77
8724 78
8724 79
8724 80
8724 81
8724 82
8724 83
8724 84
8724 85
8724 86
8724 87
8724 88
8724 89
8724 90
8724 91
8724 92
8724 93
8724 94
8724 95
8724 96
8724 97
8724 98
8724 99
8724 100
8726 0
8726 1
8726 2
8726 3
8726 4
8726 5
8726 6
8726 7
8726 8
8726 9
8726 10
8727 0
8728 0
8729 0
8729 1
8729 2
8729 3
8729 4
8729 5
8729 6
8729 7
8729 8
8729 9
8729 10
8729 11
8729 12
8729 13
8729 14
8729 15
8729 16
8729 17
8729 18
8729 19
8730 0
8730 1
8730 2
8730 3
8730 4
8730 5
8730 6
8740 0
8740 1
8740 2
8740 3
8740 4
8740 5
8740 6
8740 7
8740 8
8740 9
8741 0
8742 0
8743 0
8744 0
8744 1
8744 2
8745 0
8745 1
8745 2
8745 3
8745 4
8745 5
8745 6
8745 7
8745 8
8745 9
8745 10
8745 11
8745 12
8745 13
8745 14
8745 15
8745 16
8745 17
8745 18
8745 19
8745 20
8745 21
8745 22
8746 0
8746 1
8747 0
8747 1
8747 2
8747 3
8747 4
8747 5
8747 6
8747 7
8747 8
8747 9
8747 10
8747 11
8747 12
8747 13
8747 14
8747 15
8747 16
8747 17
8747 18
8747 19
8747 20
8747 21
8747 22
8747 23
8747 24
8747 25
8747 26
8747 27
8747 28
8747 29
8747 30
8747 31
8747 32
8747 33
8747 34
8747 35
8747 36
8747 37
8747 38
8747 39
8747 40
8747 41
8747 42
8747 43
8747 44
8747 45
8747 46
8747 47
8747 48
8747 49
8747 50
8747 51
8747 52
8747 53
8747 54
8747 55
8747 56
8747 57
8747 58
8747 59
8747 60
8747 61
8747 62
8748 0
8749 0
8749 1
8749 2
8749 3
8749 4
8749 5
8749 6
8749 7
8749 8
8749 9
8749 10
8749 11
8749 12
8749 13
8749 14
8749 15
8749 16
8749 17
8749 18
8749 19
8749 20
8749 21
8749 22
8749 23
8749 24
8749 25
8749 26
8749 27
8749 28
8749 29
8749 30
8749 31
8749 32
8749 33
8749 34
8749 35
8749 36
8749 37
8749 38
8749 39
8749 40
8749 41
8749 42
8749 43
8749 44
8749 45
8749 46
8750 0
8750 1
8750 2
8750 4
8750 5
8750 6
8750 7
8750 8
8750 9
8750 10
8750 11
8750 12
8750 13
8750 14
8750 15
8751 0
8752 0
8752 1
8753 0
8753 1
8753 2
8753 3
8753 4
8753 5
8753 6
8753 7
8753 8
8753 9
8753 10
8753 11
8753 12
8753 13
8753 14
8753 15
8753 16
8753 17
8753 18
8753 19
8995 0
8995 1
8995 2
8995 3
8995 4
8995 5
8995 6
8995 7
8995 8
8995 9
8995 10
8995 11
8995 12
8995 13
8995 14
8995 15
8995 16
8995 17
8995 18
8996 0
8997 0
8998 0
