8310 1
8310 11
8310 21
8310 31
8310 41
8310 51
8310 61
8310 71
8310 81
8310 91
8310 101
8310 111
8310 121
8310 131
8310 141
8310 151
8310 161
8310 171
8310 181
8310 191
8310 201
8310 211
8311 8
8311 18
8311 28
8311 38
8311 48
8311 58
8311 68
8311 78
8311 88
8311 98
8311 108
8311 118
8311 128
8311 138
8311 148
8311 158
8311 168
8311 178
8311 188
8311 198
8311 208
8316 5
8326 1
8330 10
8330 20
8330 30
8330 40
8330 50
8330 60
8330 70
8331 9
8331 19
8331 29
8331 39
8331 49
8331 59
8331 69
8331 79
8331 89
8331 99
8331 109
8331 119
8331 129
8337 1
8337 11
8337 21
8337 31
8338 3
8338 13
8338 23
8338 33
8338 43
8338 53
8347 7
8347 17
8349 4
8349 14
8349 24
8349 34
8349 44
8349 54
8349 64
8349 74
8350 4
8350 14
8350 24
8351 1
8352 3
8352 13
8352 23
8352 33
8352 43
8352 53
8352 63
8352 73
8352 83
8352 93
8352 103
8352 113
8352 123
8356 5
8356 15
8356 25
8356 35
8356 45
8356 55
8356 65
8359 1
8360 5
8360 15
8360 25
8364 4
8383 8
8383 18
8383 28
8383 38
8383 48
8383 58
8386 4
8387 5
8389 9
8389 19
8389 29
8389 39
8389 49
8389 59
8392 3
8393 1
8393 11
8393 21
8393 31
8393 41
8393 51
8394 7
8394 17
8394 27
8394 37
8395 9
8395 19
8395 29
8395 39
8395 49
8395 59
8395 69
8395 79
8395 89
8395 99
8395 109
8395 119
8395 129
8395 139
8396 8
8396 18
8396 28
8396 38
8396 48
8396 58
8396 68
8396 78
8396 88
8396 98
8396 109
8396 119
8396 129
8396 139
8396 149
8396 159
8396 169
8396 179
8396 189
8396 199
8397 1
8399 5
8402 8
8402 18
8402 28
8402 38
8402 48
8403 2
8403 12
8403 22
8403 32
8403 42
8403 52
8403 62
8403 72
8403 82
8403 92
8403 102
8403 112
8404 7
8404 17
8404 27
8404 37
8405 10
8405 20
8405 30
8406 5
8406 15
8406 25
8409 1
8411 10
8411 20
8411 30
8411 40
8412 5
8414 2
8414 12
8414 22
8414 32
8414 42
8414 52
8415 10
8415 20
8415 30
8418 10
8418 20
8418 30
8418 40
8418 50
8418 60
8419 3
8419 13
8419 23
8420 8
8420 18
8420 28
8420 38
8421 8
8421 18
8421 28
8421 38
8421 48
8421 58
8422 3
8422 13
8423 4
8423 14
8423 24
8423 34
8423 44
8423 54
8423 64
8423 74
8423 84
8424 7
8424 17
8424 27
8425 6
8425 16
8425 26
8425 36
8425 46
8426 2
8426 12
8427 2
8427 12
8428 8
8428 18
8428 28
8428 38
8429 10
8431 1
8431 11
8431 21
8431 31
8431 41
8431 51
8431 61
8431 71
8431 81
8433 6
8433 16
8440 2
8440 12
8440 22
8441 2
8444 4
8444 14
8448 6
8448 16
8448 26
8448 36
8448 46
8449 10
8449 20
8449 30
8455 1
8472 1
8481 6
8482 9
8482 19
8482 29
8484 10
8484 20
8485 9
8485 19
8485 29
8523 6
8523 16
8525 6
8525 16
8529 8
8530 1
8530 11
8530 21
8530 31
8530 41
8530 51
8532 2
8538 1
8543 4
8544 6
8545 4
8549 6
8550 5
8550 15
8550 25
8550 35
8551 6
8552 1
8552 11
8552 21
8552 31
8552 41
8552 51
8552 61
8552 71
8552 81
8552 91
8552 101
8555 2
8561 3
8562 3
8562 13
8563 2
8563 12
8563 22
8563 32
8563 42
8563 52
8564 10
8565 1
8566 6
8566 16
8566 26
8566 36
8566 46
8566 56
8566 66
8566 76
8569 6
8569 16
8569 26
8569 36
8569 46
8569 56
8569 66
8569 76
8570 2
8570 12
8570 22
8570 32
8570 42
8570 52
8570 62
8570 72
8570 82
8570 92
8570 102
8570 112
8571 4
8571 14
8571 24
8571 34
8571 44
8571 54
8571 64
8571 74
8571 84
8571 94
8571 104
8585 1
8585 11
8585 21
8585 31
8585 41
8585 51
8585 61
8585 71
8585 83
8585 93
8585 103
8585 113
8585 123
8585 133
8585 143
8585 153
8585 163
8585 173
8585 183
8586 8
8587 5
8587 15
8587 25
8587 35
8587 45
8587 55
8587 65
8589 2
8589 12
8589 22
8589 32
8589 42
8590 7
8590 17
8591 7
8591 17
8610 7
8610 17
8610 27
8610 37
8610 47
8610 57
8610 67
8610 77
8611 6
8613 4
8613 14
8613 24
8613 34
8613 45
8614 3
8615 8
8616 8
8616 18
8617 3
8619 6
8619 16
8619 26
8619 36
8629 3
8629 13
8630 5
8630 15
8630 25
8630 35
8630 45
8630 55
8630 65
8630 75
8630 85
8634 5
8634 15
8634 25
8634 35
8636 4
8636 14
8637 9
8637 19
8637 29
8637 39
8637 49
8637 59
8637 69
8637 79
8637 89
8637 99
8637 109
8637 119
8637 129
8637 139
8637 149
8637 159
8637 169
8637 180
8637 190
8637 200
8639 2
8642 5
8642 15
8642 25
8642 35
8642 45
8642 55
8643 7
8643 17
8643 27
8643 37
8643 47
8649 2
8649 12
8666 6
8666 16
8666 26
8666 36
8666 46
8666 56
8666 66
8666 76
8666 86
8666 96
8666 106
8666 116
8666 126
8666 136
8666 146
8666 156
8668 9
8668 19
8669 3
8669 13
8669 23
8669 33
8669 43
8669 53
8669 63
8669 74
8670 6
8670 16
8670 26
8670 36
8670 46
8670 56
8670 66
8670 76
8672 2
8673 9
8674 8
8674 18
8675 4
8675 14
8675 24
8675 34
8675 44
8675 54
8675 64
8675 74
8680 4
8680 14
8680 24
8680 34
8680 44
8680 54
8680 64
8680 74
8681 8
8681 18
8681 28
8681 38
8681 48
8681 58
8682 3
8682 13
8682 23
8682 33
8682 43
8682 53
8682 63
8682 74
8682 84
8682 94
8682 104
8682 114
8682 124
8682 134
8682 144
8682 154
8682 164
8682 174
8682 184
8682 194
8682 204
8682 214
8682 224
8682 234
8682 244
8682 254
8682 264
8682 274
8682 284
8685 6
8685 16
8685 26
8685 36
8685 46
8685 56
8685 66
8685 76
8685 86
8685 96
8685 106
8685 116
8706 4
8708 3
8710 8
8710 18
8710 28
8711 10
8711 20
8712 1
8712 11
8712 21
8712 31
8713 6
8713 16
8713 26
8713 36
8713 46
8713 56
8713 66
8713 76
8716 5
8716 15
8716 25
8716 35
8716 45
8716 55
8717 4
8717 14
8717 24
8717 34
8717 44
8718 8
8718 18
8718 28
8718 38
8718 48
8718 58
8718 68
8718 78
8720 1
8720 11
8720 21
8720 31
8720 43
8720 53
8722 4
8722 14
8722 24
8722 34
8723 3
8724 2
8724 12
8724 22
8724 32
8724 42
8724 52
8724 62
8724 72
8724 82
8724 92
8726 2
8729 2
8729 12
8730 3
8740 7
8745 6
8745 16
8747 3
8747 13
8747 23
8747 33
8747 43
8747 53
8749 1
8749 11
8749 21
8749 31
8749 41
8750 5
8750 15
8753 9
8753 19
8995 001
8995 011
