9000 000
9000 001
9000 002
9000 003
9000 004
9000 005
9000 006
9000 007
9000 008
9000 009
9000 010
9000 011
9000 012
9000 013
9000 014
9000 015
9000 016
9000 017
9000 018
9008 025
9009 000
9009 001
9009 002
9009 003
9009 004
9009 005
9009 006
9009 007
9009 008
9009 009
9009 010
9009 011
9009 012
9009 013
9009 014
9009 015
9009 016
9009 017
9009 018
9009 019
9009 020
9009 021
9009 022
9009 023
9009 024
9009 025
9016 000
9017 000
9018 000
9019 000
9019 001
9020 000
9021 000
9021 001
9021 002
9021 003
9021 004
9021 005
9021 006
9021 007
9021 008
9021 009
9021 010
9021 011
9021 012
9021 013
9021 014
9021 015
9021 016
9021 017
9021 018
9021 019
9021 020
9021 021
9021 022
9021 023
9021 024
9021 025
9021 026
9021 027
9021 028
9021 029
9022 000
9022 001
9022 002
9022 003
9022 004
9025 018
9025 019
9025 020
9025 021
9025 022
9025 023
9025 024
9025 025
9025 026
9025 027
9025 028
9025 029
9025 030
9025 031
9025 032
9025 033
9025 034
9025 035
9025 036
9025 037
9025 038
9025 039
9025 040
9025 041
9025 042
9025 043
9025 044
9025 045
9025 046
9025 047
9025 048
9025 049
9032 019
9032 020
9032 021
9032 022
9032 023
9032 024
9032 025
9032 026
9032 027
9032 028
9032 029
9032 030
9032 031
9032 032
9032 033
9032 034
9032 035
9032 036
9032 037
9034 000
9034 001
9034 002
9034 003
9034 004
9034 005
9034 006
9034 007
9034 008
9034 009
9034 010
9034 011
9034 012
9034 013
9034 014
9034 015
9034 016
9034 017
9034 018
9034 019
9034 020
9034 021
9034 022
9034 023
9034 024
9034 025
9034 026
9034 027
9034 028
9034 029
9034 030
9034 031
9034 032
9034 033
9034 034
9034 035
9034 036
9034 037
9034 038
9034 039
9034 040
9034 041
9034 042
9034 043
9034 044
9034 045
9034 046
9034 047
9034 048
9034 049
9034 050
9034 051
9034 052
9034 053
9034 054
9034 055
9034 056
9034 057
9034 058
9034 059
9034 060
9034 061
9034 062
9034 063
9034 064
9034 065
9034 066
9034 067
9041 002
9041 003
9041 004
9041 005
9043 040
9045 002
9045 005
9045 006
9045 007
9045 008
9045 009
9045 010
9045 011
9045 012
9045 013
9045 014
9045 015
9045 016
9045 017
9045 018
9045 019
9045 020
9045 021
9045 022
9045 023
9045 024
9045 025
9045 026
9045 027
9045 028
9045 029
9045 030
9045 031
9045 032
9045 033
9045 034
9045 035
9045 036
9045 037
9045 038
9045 039
9045 040
9045 041
9045 042
9045 043
9045 044
9045 045
9045 046
9045 047
9045 048
9045 049
9045 050
9045 051
9045 052
9045 053
9045 054
9045 055
9045 056
9045 057
9045 058
9045 059
9045 060
9045 061
9045 062
9045 063
9045 064
9045 065
9045 066
9045 067
9045 068
9045 069
9045 091
9045 092
9045 093
9045 094
9045 095
9045 096
9045 097
9045 098
9045 099
9045 100
9045 101
9045 102
9045 103
9045 104
9045 105
9045 106
9045 107
9045 108
9045 109
9045 110
9045 111
9045 112
9045 113
9045 114
9045 115
9045 116
9045 117
9045 118
9045 119
9045 120
9045 121
9045 122
9045 123
9045 124
9045 125
9045 126
9045 127
9045 128
9045 129
9045 130
9045 131
9045 132
9045 133
9045 134
9045 135
9045 136
9045 137
9045 138
9045 139
9045 140
9045 141
9045 142
9045 143
9045 144
9045 145
9045 146
9045 147
9045 148
9045 149
9045 150
9045 151
9045 152
9045 153
9045 154
9045 155
9045 156
9045 157
9045 158
9045 159
9045 160
9045 161
9045 162
9045 163
9045 164
9045 165
9045 166
9045 167
9045 168
9045 169
9045 170
9045 171
9048 015
9048 016
9048 017
9048 018
9048 019
9048 020
9048 021
9048 022
9048 023
9048 024
9048 025
9048 026
9048 027
9048 028
9048 029
9048 030
9048 031
9048 032
9048 033
9048 034
9048 035
9048 036
9048 037
9048 038
9048 039
9048 040
9048 041
9048 042
9048 043
9048 044
9048 045
9048 046
9048 047
9048 048
9048 049
9048 050
9048 051
9048 052
9048 053
9048 054
9048 055
9048 056
9048 057
9048 058
9048 059
9048 060
9048 061
9048 062
9048 063
9048 064
9048 065
9048 066
9048 067
9048 068
9048 069
9048 070
9048 071
9048 072
9048 073
9048 074
9048 075
9048 076
9048 077
9048 078
9048 079
9048 080
9048 081
9048 082
9048 083
9048 084
9048 085
9048 086
9048 087
9048 088
9048 089
9048 090
9049 000
9049 001
9049 002
9049 003
9049 004
9049 005
9049 006
9049 007
9049 008
9049 009
9049 010
9049 011
9049 012
9049 013
9049 014
9049 015
9049 016
9049 017
9049 018
9049 019
9049 020
9057 008
9057 009
9057 010
9057 011
9057 012
9057 013
9057 014
9057 015
9057 016
9057 017
9057 018
9057 019
9058 000
9059 000
9060 000
9060 001
9060 002
9060 003
9060 004
9060 005
9060 006
9060 007
9060 008
9060 009
9060 010
9060 011
9060 012
9060 013
9060 014
9060 015
9060 016
9060 017
9060 018
9060 019
9061 000
9061 001
9061 002
9061 003
9061 004
9061 005
9061 006
9061 007
9061 008
9061 009
9061 010
9061 011
9061 012
9061 013
9061 014
9061 015
9061 016
9061 017
9061 018
9061 019
9061 020
9061 021
9061 022
9061 023
9061 024
9061 025
9061 026
9061 027
9061 028
9061 029
9061 030
9061 031
9061 032
9061 033
9061 034
9061 035
9061 036
9061 037
9061 038
9061 039
9061 040
9061 041
9061 042
9061 043
9061 044
9061 045
9061 046
9061 047
9061 048
9061 049
9061 050
9061 051
9061 052
9061 053
9061 054
9061 055
9061 056
9061 057
9061 058
9061 059
9061 060
9061 061
9061 062
9061 063
9061 064
9061 065
9061 066
9061 086
9061 087
9061 088
9061 090
9061 091
9061 092
9061 093
9061 094
9062 000
9062 001
9064 000
9062 002
9065 000
9063 000
9065 001
9065 002
9065 003
9065 004
9065 005
9065 006
9065 007
9065 008
9065 009
9065 010
9065 011
9065 012
9065 013
9065 014
9065 015
9067 000
9067 001
9067 002
9067 003
9067 004
9067 005
9067 006
9067 007
9067 008
9067 009
9067 010
9067 011
9067 012
9067 013
9067 014
9067 015
9067 016
9068 000
9068 001
9068 002
9068 003
9068 004
9068 005
9068 006
9068 007
9069 000
9069 001
9069 002
9069 003
9069 004
9069 005
9069 006
9069 007
9069 008
9069 009
9069 010
9069 011
9069 012
9069 013
9069 014
9069 015
9069 016
9070 006
9070 007
9070 008
9070 009
9070 010
9070 011
9070 012
9070 013
9070 014
9070 015
9070 016
9070 017
9070 018
9070 019
9070 020
9070 021
9070 022
9070 023
9070 024
9070 025
9070 026
9070 027
9070 028
9070 029
9070 030
9070 031
9070 032
9070 033
9070 034
9070 035
9070 036
9070 037
9070 038
9070 039
9070 040
9070 041
9070 042
9070 043
9070 044
9070 045
9070 046
9070 047
9070 048
9070 049
9070 050
9070 051
9070 052
9070 053
9070 054
9070 055
9070 056
9070 057
9070 058
9070 059
9070 060
9070 061
9070 062
9070 063
9070 064
9070 065
9070 066
9070 067
9070 068
9070 069
9070 070
9070 071
9070 072
9070 073
9070 074
9070 075
9070 076
9070 077
9070 078
9070 079
9070 080
9070 081
9070 082
9070 083
9070 084
9070 085
9070 086
9070 087
9070 088
9070 089
9070 090
9070 091
9070 092
9070 093
9070 094
9070 095
9070 096
9070 117
9070 118
9070 119
9070 120
9070 121
9070 122
9070 123
9070 124
9070 125
9070 126
9070 127
9070 128
9070 129
9070 130
9070 131
9070 132
9070 133
9070 134
9070 135
9070 136
9070 137
9070 138
9070 139
9070 140
9070 141
9070 142
9070 143
9070 144
9070 145
9070 146
9070 147
9070 148
9070 149
9070 150
9070 151
9070 152
9070 153
9070 154
9070 155
9070 156
9070 157
9070 158
9070 159
9070 160
9070 161
9070 162
9070 163
9070 164
9070 165
9070 166
9070 167
9070 168
9070 169
9070 170
9070 171
9070 172
9070 173
9070 174
9070 175
9071 000
9072 000
9072 001
9072 002
9072 003
9072 004
9072 005
9072 006
9072 007
9072 008
9072 009
9072 010
9072 011
9072 012
9072 013
9072 014
9072 015
9072 016
9072 017
9072 018
9072 019
9072 020
9072 021
9072 022
9072 023
9072 024
9072 025
9072 026
9072 027
9072 028
9072 029
9072 030
9072 031
9072 032
9072 033
9072 034
9072 035
9072 036
9072 037
9072 038
9072 039
9072 040
9072 041
9072 042
9072 043
9072 044
9072 045
9072 046
9072 047
9072 048
9072 049
9072 050
9072 051
9072 052
9072 053
9072 054
9072 055
9072 056
9072 057
9072 058
9072 059
9072 060
9072 061
9072 062
9072 063
9072 064
9072 065
9072 066
9072 067
9072 068
9072 069
9072 070
9072 071
9072 072
9072 073
9072 074
9072 075
9072 076
9072 077
9072 078
9072 079
9072 080
9072 081
9072 082
9072 083
9072 084
9072 085
9072 086
9072 087
9072 088
9072 089
9072 090
9072 091
9072 092
9072 093
9072 094
9073 000
9073 001
9073 002
9073 003
9073 004
9073 005
9073 006
9073 007
9073 008
9073 009
9073 010
9073 011
9073 012
9073 013
9073 014
9073 015
9073 016
9073 017
9073 018
9073 019
9073 020
9073 021
9073 022
9074 000
9074 001
9074 002
9074 003
9074 004
9074 005
9074 006
9074 007
9074 008
9074 009
9074 010
9074 011
9074 012
9074 013
9074 014
9075 000
9075 001
9075 002
9075 003
9075 004
9075 005
9075 006
9075 007
9075 008
9075 009
9076 000
9076 001
9077 000
9077 001
9078 000
9078 001
9079 000
9080 000
9080 001
9080 002
9080 003
9081 000
9082 000
9084 000
9085 000
9086 000
9086 001
9086 002
9086 003
9086 004
9086 005
9086 006
9086 007
9086 008
9086 009
9086 010
9086 011
9086 012
9086 013
9086 014
9086 015
9086 016
9086 017
9086 018
9086 019
9086 020
9086 021
9086 022
9086 023
9086 024
9086 025
9086 026
9086 033
9086 034
9086 035
9086 036
9086 037
9086 038
9086 039
9086 040
9086 041
9086 042
9086 043
9086 044
9086 045
9086 046
9086 047
9086 048
9086 049
9086 050
9086 051
9086 052
9086 053
9086 054
9086 055
9086 056
9086 057
9086 058
9086 059
9086 060
9086 061
9086 062
9086 063
9086 064
9086 065
9086 066
9086 067
9086 068
9086 069
9086 070
9086 071
9086 072
9086 073
9086 074
9086 075
9086 076
9086 077
9086 078
9086 079
9086 080
9086 081
9086 082
9086 083
9086 084
9086 085
9086 086
9086 087
9086 088
9086 089
9086 090
9086 091
9086 092
9086 093
9086 094
9086 095
9086 096
9086 097
9086 098
9086 099
9086 100
9087 000
9087 001
9087 002
9087 003
9087 004
9087 005
9087 006
9087 007
9087 008
9087 009
9087 010
9087 011
9087 012
9087 013
9087 018
9087 019
9087 020
9087 021
9087 022
9087 023
9087 024
9087 025
9087 026
9087 027
9087 028
9087 029
9087 030
9087 031
9087 032
9087 033
9087 034
9087 035
9087 036
9087 037
9087 038
9087 039
9087 040
9087 041
9087 042
9087 043
9087 044
9087 045
9087 046
9087 047
9087 048
9087 049
9087 050
9087 051
9087 052
9087 053
9087 054
9087 055
9087 056
9087 057
9087 058
9087 059
9087 060
9087 061
9087 062
9087 063
9087 064
9088 000
9088 001
9088 002
9088 003
9088 004
9088 005
9088 006
9088 007
9088 008
9088 009
9088 010
9088 011
9088 012
9088 013
9088 014
9088 015
9088 016
9088 017
9088 018
9088 019
9088 020
9088 021
9088 022
9088 023
9088 024
9088 025
9088 026
9128 012
9128 013
9128 014
9128 015
9128 016
9128 017
9128 018
9128 019
9128 020
9128 021
9128 022
9128 023
9128 024
9128 025
9128 026
9128 027
9128 028
9128 029
9128 030
9128 031
9128 032
9128 033
9128 034
9128 035
9128 036
9128 037
9128 038
9128 039
9128 040
9128 041
9128 042
9128 043
9130 007
9130 008
9130 009
9130 010
9130 011
9130 012
9130 013
9130 014
9130 015
9130 016
9130 017
9130 018
9130 019
9130 020
9130 021
9130 022
9130 023
9130 024
9130 025
9130 026
9130 027
9131 000
9132 000
9133 000
9133 001
9133 002
9133 003
9133 004
9133 005
9133 006
9133 007
9133 008
9133 009
9133 010
9133 011
9133 012
9133 013
9133 014
9133 015
9133 016
9133 017
9133 018
9133 019
9133 020
9133 021
9133 022
9133 023
9133 024
9133 025
9133 026
9133 027
9133 028
9133 029
9133 030
9133 031
9133 032
9134 000
9134 001
9134 002
9134 003
9134 004
9134 005
9134 006
9134 007
9134 008
9134 009
9134 010
9134 011
9134 012
9134 013
9134 014
9134 015
9135 000
9135 001
9135 002
9135 003
9136 000
9137 000
9137 001
9137 002
9137 003
9138 000
9138 001
9138 002
9138 003
9138 004
9138 005
9138 006
9138 007
9138 008
9138 009
9138 010
9138 011
9138 012
9138 013
9138 014
9138 015
9138 016
9138 017
9138 018
9138 019
9138 020
9138 021
9138 022
9139 000
9139 001
9139 002
9139 003
9139 004
9139 005
9139 006
9139 007
9139 008
9139 009
9139 010
9139 011
9139 012
9139 013
9139 014
9139 015
9139 016
9139 017
9139 018
9139 019
9139 020
9139 021
9139 022
9139 023
9140 000
9141 000
9142 000
9143 000
9144 000
9145 016
9145 017
9145 018
9145 019
9145 020
9145 021
9145 022
9145 023
9145 024
9145 025
9145 026
9145 027
9145 028
9145 029
9145 030
9145 031
9145 032
9145 033
9145 034
9145 035
9145 036
9145 037
9145 042
9145 043
9145 044
9145 045
9145 046
9145 047
9145 048
9145 049
9145 050
9145 051
9145 052
9145 053
9145 054
9145 055
9145 056
9145 057
9145 058
9145 059
9145 060
9145 068
9145 069
9145 070
9145 071
9145 072
9145 073
9145 074
9145 075
9145 076
9145 077
9145 078
9145 079
9145 080
9145 081
9145 082
9145 083
9145 084
9145 085
9146 000
9146 001
9146 002
9146 003
9146 004
9146 005
9146 006
9146 007
9146 008
9146 009
9146 010
9146 011
9146 012
9146 013
9146 014
9146 015
9146 016
9146 017
9146 018
9146 019
9146 020
9146 021
9146 022
9146 023
9146 024
9146 025
9147 000
9147 001
9147 002
9147 003
9147 004
9148 000
9148 001
9148 002
9148 003
9148 004
9148 005
9148 006
9148 007
9148 008
9148 009
9148 010
9148 011
9148 012
9148 013
9148 014
9148 015
9148 016
9148 017
9148 018
9148 019
9148 020
9148 021
9148 022
9148 023
9148 024
9149 000
9149 001
9149 002
9149 003
9149 004
9149 005
9149 006
9149 007
9149 008
9149 009
9149 010
9149 011
9149 012
9149 013
9149 014
9149 015
9149 016
9149 017
9149 018
9149 019
9149 020
9149 021
9149 022
9149 023
9149 024
9149 025
9149 026
9149 027
9149 028
9149 029
9149 030
9149 031
9149 032
9149 033
9149 034
9149 035
9149 036
9149 037
9149 038
9149 039
9149 040
9149 041
9149 042
9149 043
9149 044
9149 045
9149 046
9149 047
9149 048
9149 049
9149 050
9149 051
9149 052
9149 053
9149 054
9149 055
9149 056
9149 057
9149 058
9149 059
9149 060
9149 061
9149 062
9149 063
9149 064
9149 065
9149 066
9149 067
9149 068
9149 069
9149 070
9149 071
9149 072
9149 073
9149 074
9149 075
9149 076
9149 077
9149 078
9149 079
9149 080
9149 081
9149 082
9149 083
9149 084
9149 085
9149 086
9150 000
9151 000
9151 001
9174 021
9174 022
9174 023
9174 026
9174 027
9174 028
9174 029
9174 030
9174 031
9174 032
9174 033
9174 034
9174 050
9174 051
9174 052
9174 053
9174 054
9174 055
9174 056
9174 057
9174 058
9174 059
9174 060
9174 061
9174 062
9174 063
9174 064
9174 065
9174 066
9174 067
9174 068
9175 000
9175 001
9175 002
9175 003
9175 004
9175 005
9175 006
9175 007
9175 008
9176 000
9177 001
9177 002
9177 003
9177 004
9177 005
9177 006
9177 007
9177 008
9177 009
9177 010
9177 011
9177 012
9177 013
9177 014
9177 015
9177 016
9177 017
9177 018
9177 019
9177 020
9177 021
9177 022
9177 023
9177 024
9177 025
9177 026
9177 027
9177 028
9177 029
9177 030
9177 031
9177 032
9177 033
9177 034
9177 035
9177 036
9177 037
9177 038
9177 039
9177 040
9177 041
9177 042
9177 043
9177 044
9177 045
9177 046
9177 047
9177 048
9177 049
9177 050
9177 051
9177 052
9177 053
9177 054
9177 055
9177 056
9178 000
9178 001
9178 002
9178 003
9178 004
9178 005
9178 006
9178 007
9178 008
9178 009
9178 010
9178 011
9178 012
9178 013
9178 014
9178 015
9178 016
9178 017
9178 018
9178 019
9178 020
9178 021
9178 022
9178 023
9178 024
9178 025
9178 026
9178 027
9178 028
9178 029
9178 030
9178 031
9178 032
9178 033
9178 034
9178 035
9178 036
9178 037
9179 020
9179 021
9179 022
9179 023
9179 024
9179 025
9179 026
9179 027
9179 028
9179 029
9179 030
9179 031
9179 032
9179 033
9179 034
9179 035
9179 036
9179 037
9179 038
9179 039
9179 040
9179 041
9179 042
9179 043
9179 044
9179 045
9179 046
9179 047
9179 048
9179 049
9179 050
9179 051
9179 052
9181 001
9181 002
9181 003
9181 004
9181 005
9181 006
9181 007
9181 008
9181 009
9181 010
9181 011
9181 012
9182 000
9182 001
9182 002
9182 003
9182 004
9182 005
9182 006
9182 007
9182 008
9182 009
9182 010
9182 011
9182 012
9182 013
9182 014
9182 015
9182 016
9182 017
9182 018
9182 019
9182 020
9182 021
9182 022
9182 023
9182 024
9182 025
9182 026
9182 027
9182 028
9182 029
9182 030
9182 031
9182 032
9182 033
9182 034
9182 035
9182 036
9182 037
9182 038
9182 039
9183 000
9183 001
9183 002
9184 000
9184 001
9185 000
9185 001
9185 002
9185 003
9185 004
9185 005
9185 006
9185 007
9185 008
9185 009
9185 010
9185 011
9185 012
9185 013
9185 014
9186 000
9186 001
9186 002
9186 003
9186 004
9186 005
9186 006
9186 007
9186 008
9186 009
9186 010
9186 011
9186 012
9186 013
9186 014
9186 015
9186 016
9186 017
9186 018
9186 019
9186 020
9187 000
9187 001
9187 002
9187 003
9187 004
9187 005
9187 006
9187 007
9187 008
9187 009
9187 010
9187 011
9187 012
9187 013
9187 014
9187 015
9187 016
9187 017
9187 018
9187 019
9187 020
9187 021
9187 022
9187 023
9187 024
9187 025
9187 026
9187 027
9187 028
9187 029
9187 030
9187 031
9187 032
9187 033
9187 034
9187 035
9187 036
9187 037
9187 038
9187 039
9187 040
9187 041
9187 042
9187 043
9187 044
9187 045
9187 046
9187 047
9187 048
9187 049
9188 000
9188 001
9188 002
9189 000
9189 001
9189 002
9189 003
9189 004
9189 005
9189 006
9189 007
9189 008
9189 009
9189 010
9189 011
9189 012
9189 013
9189 014
9189 015
9189 016
9189 017
9189 018
9189 019
9189 020
9189 021
9189 022
9189 023
9189 024
9190 000
9190 001
9190 002
9190 003
9190 004
9190 005
9190 006
9190 007
9190 008
9190 009
9190 010
9190 011
9190 012
9190 014
9190 015
9190 016
9190 017
9190 018
9190 019
9190 020
9190 021
9190 022
9190 023
9190 024
9190 025
9190 026
9190 027
9190 028
9190 029
9190 030
9190 031
9190 032
9190 033
9190 034
9190 035
9190 036
9190 037
9190 038
9190 039
9190 040
9190 041
9190 042
9190 043
9190 044
9190 045
9190 046
9190 047
9190 048
9190 049
9190 050
9190 051
9190 052
9191 000
9191 001
9191 002
9191 003
9191 004
9191 005
9191 006
9191 007
9191 008
9191 009
9191 010
9191 011
9191 012
9191 013
9191 014
9191 015
9191 016
9191 017
9191 018
9191 019
9191 020
9191 021
9191 022
9191 023
9191 024
9191 025
9191 026
9192 000
9192 001
9192 002
9192 003
9192 004
9192 005
9192 006
9192 007
9199 001
9199 002
9199 003
9199 004
9199 005
9199 006
9199 007
9199 008
9199 009
9199 010
9199 011
9199 012
9199 013
9199 014
9199 015
9199 016
9199 017
9199 018
9199 019
9199 020
9199 021
9199 022
9199 023
9199 024
9199 025
9199 026
9199 027
9199 028
9199 029
9199 030
9199 031
9199 032
9199 033
9199 034
9199 035
9199 036
9199 037
9199 038
9199 039
9199 040
9199 041
9199 042
9199 043
9199 044
9199 045
9199 046
9199 047
9199 048
9199 049
9199 050
9199 053
9199 054
9199 055
9199 056
9199 057
9199 058
9200 000
9200 001
9200 002
9200 003
9202 001
9202 002
9202 003
9202 004
9202 005
9202 006
9202 007
9202 008
9202 009
9202 010
9202 011
9203 000
9203 001
9203 002
9203 003
9203 004
9203 005
9203 006
9203 007
9203 008
9203 009
9203 010
9203 011
9203 012
9203 013
9203 014
9203 015
9203 016
9203 017
9203 018
9203 019
9203 020
9203 021
9203 022
9203 023
9204 000
9205 000
9205 001
9205 002
9205 003
9205 004
9205 005
9205 006
9205 007
9205 008
9205 009
9205 010
9205 011
9205 012
9205 013
9205 014
9205 015
9205 016
9205 017
9205 018
9205 019
9205 020
9205 021
9205 022
9205 042
9205 043
9205 044
9205 045
9205 046
9205 047
9205 048
9205 049
9205 050
9205 051
9205 052
9205 053
9205 054
9205 055
9205 056
9205 057
9205 058
9205 059
9205 060
9205 061
9205 062
9205 063
9205 064
9205 065
9205 066
9205 067
9205 068
9205 069
9206 000
9206 001
9206 002
9206 003
9206 004
9206 005
9206 006
9206 007
9206 008
9206 009
9206 010
9206 011
9206 012
9206 013
9206 014
9206 015
9207 000
9207 001
9207 002
9207 003
9207 004
9207 005
9207 006
9207 007
9207 008
9207 009
9207 010
9207 011
9207 012
9207 013
9207 014
9207 015
9207 016
9207 017
9207 018
9207 019
9207 020
9207 021
9207 022
9207 023
9207 024
9207 025
9207 026
9207 027
9207 028
9207 029
9207 030
9207 031
9207 032
9207 033
9207 037
9207 038
9207 039
9207 040
9207 041
9207 042
9207 043
9207 044
9207 045
9207 046
9207 047
9207 048
9207 049
9207 050
9207 051
9207 052
9207 053
9207 054
9207 055
9207 056
9207 057
9207 058
9207 059
9207 060
9207 061
9208 000
9208 001
9208 002
9208 003
9208 004
9208 005
9209 000
9209 001
9209 002
9209 003
9209 004
9209 005
9210 000
9211 000
9211 001
9211 002
9211 003
9211 004
9211 005
9211 006
9211 007
9211 008
9211 009
9211 010
9211 011
9211 012
9211 013
9211 014
9211 015
9211 016
9211 017
9211 018
9211 019
9211 020
9211 021
9211 022
9211 023
9211 024
9211 025
9211 026
9211 027
9211 028
9211 029
9211 030
9211 031
9211 032
9211 033
9211 034
9211 035
9211 036
9211 037
9211 038
9211 039
9211 040
9211 041
9211 042
9211 043
9212 000
9213 000
9214 000
9214 001
9214 002
9214 003
9214 004
9214 005
9214 006
9214 007
9214 008
9214 009
9214 010
9215 000
9215 001
9215 002
9215 003
9215 004
9215 005
9215 006
9215 007
9215 008
9215 009
9215 010
9215 011
9215 012
9215 013
9215 014
9215 015
9215 016
9215 017
9215 018
9215 019
9215 020
9215 021
9215 022
9215 023
9215 024
9215 025
9215 026
9215 027
9215 028
9215 029
9215 030
9215 031
9215 032
9215 033
9215 034
9215 035
9215 036
9215 037
9215 038
9215 039
9216 000
9216 001
9216 002
9216 003
9217 000
9217 001
9320 0
9320 1
9320 2
9320 3
9320 4
9320 5
9320 6
9320 7
9320 8
9320 9
9320 10
9320 11
9320 12
9320 13
9320 14
9320 15
9320 16
9320 17
9320 18
9320 19
9320 20
9320 21
9320 22
9320 23
9320 24
9320 25
9320 26
9320 27
9320 28
9320 29
9320 30
9320 31
9320 32
9321 0
9321 1
9321 2
9321 3
9321 4
9321 5
9321 6
9321 7
9321 8
9321 9
9321 10
9321 11
9322 0
9322 1
9322 2
9322 3
9322 4
9322 5
9322 6
9322 7
9322 8
9322 9
9322 10
9322 11
9322 12
9322 13
9322 14
9322 15
9322 16
9322 17
9322 18
9322 19
9322 20
9322 21
9322 22
9323 0
9324 0
9324 1
9324 2
9324 3
9324 4
9324 5
9324 6
9324 7
9324 8
9324 9
9324 10
9324 11
9324 12
9324 13
9324 14
9324 15
9324 16
9324 17
9324 18
9324 19
9324 20
9324 21
9324 22
9324 23
9324 24
9324 25
9324 26
9325 0
9327 0
9330 0
9330 1
9330 2
9330 3
9330 4
9330 5
9330 6
9330 7
9330 8
9330 9
9331 0
9332 0
9332 1
9332 2
9332 3
9332 4
9332 5
9332 6
9332 7
9332 8
9332 9
9332 10
9332 11
9332 12
9332 13
9333 0
9333 1
9333 2
9333 3
9333 4
9333 5
9333 6
9333 7
9333 8
9334 0
9334 1
9334 2
9334 3
9334 4
9334 5
9334 6
9334 7
9334 8
9334 9
9334 10
9334 11
9335 0
9335 1
9335 2
9335 3
9335 4
9335 5
9335 6
9335 7
9335 8
9335 9
9335 10
9335 11
9335 12
9335 13
9335 14
9335 15
9335 16
9335 17
9335 18
9335 19
9335 20
9335 21
9335 22
9335 23
9335 24
9335 25
9335 26
9335 27
9335 28
9335 29
9335 30
9335 31
9335 32
9335 33
9335 34
9335 35
9335 36
9335 37
9335 38
9335 39
9335 41
9336 0
9336 1
9336 2
9336 3
9336 4
9336 5
9336 6
9336 7
9336 8
9336 9
9337 0
9337 1
9337 2
9338 0
9338 1
9338 2
9338 3
9338 4
9338 5
9338 6
9338 7
9338 8
9339 0
9340 0
9340 1
9340 2
9340 3
9341 0
9341 1
9341 2
9341 3
9341 4
9341 5
9341 6
9341 7
9341 8
9341 9
9341 10
9341 11
9341 12
9341 13
9341 14
9341 15
9341 16
9341 17
9341 18
9341 19
9341 20
9341 21
9341 22
9341 23
9341 24
9341 25
9341 26
9341 27
9341 28
9341 29
9341 30
9341 31
9341 32
9341 33
9341 34
9341 35
9341 36
9341 37
9341 38
9341 39
9341 40
9341 41
9342 0
9342 1
9342 2
9342 3
9342 4
9342 5
9342 6
9342 7
9343 0
9344 0
9345 0
9345 1
9345 2
9346 0
9346 1
9346 2
9346 3
9346 4
9347 0
9347 1
9347 2
9347 3
9347 4
9347 5
9347 6
9347 7
9347 8
9347 9
9347 10
9347 11
9347 12
9347 13
9347 14
9347 15
9347 16
9347 17
9347 18
9347 19
9347 20
9347 21
9347 22
9347 23
9347 24
9347 25
9347 26
9347 27
9347 28
9347 29
9347 30
9347 31
9347 32
9347 33
9347 34
9347 35
9347 36
9347 37
9347 38
9347 39
9347 40
9347 41
9347 42
9347 43
9347 44
9347 45
9347 46
9347 47
9347 48
9347 49
9347 50
9347 51
9347 52
9347 53
9347 54
9347 55
9347 56
9348 0
9348 1
9349 0
9349 1
9349 2
9350 0
9350 1
9350 2
9350 3
9350 4
9350 5
9350 6
9350 7
9350 8
9350 9
9350 10
9350 11
9350 12
9350 13
9350 14
9350 15
9350 16
9350 17
9350 18
9350 19
9350 20
9350 21
9350 22
9351 0
9351 1
9351 2
9351 3
9351 4
9351 5
9351 6
9351 7
9351 8
9351 9
9351 10
9351 11
9351 12
9351 13
9351 14
9351 15
9351 16
9351 17
9351 18
9351 19
9351 20
9351 21
9351 22
9351 23
9351 24
9352 0
9352 1
9352 2
9352 3
9352 4
9352 5
9352 6
9352 7
9352 8
9352 9
9352 10
9355 0
9355 1
9355 2
9355 3
9355 4
9356 0
9356 1
9356 2
9357 0
9357 1
9358 0
9359 0
9359 1
9359 2
9359 3
9359 4
9359 5
9359 6
9359 7
9359 8
9359 9
9359 10
9359 11
9359 12
9359 13
9359 14
9359 15
9359 16
9359 17
9359 18
9359 19
9359 20
9359 21
9359 22
9359 23
9359 24
9359 25
9359 26
9359 27
9360 0
9360 1
9361 0
9361 1
9361 2
9361 3
9361 4
9361 5
9361 6
9361 7
9361 8
9361 9
9361 10
9361 11
9361 12
9361 13
9362 0
9362 1
9362 2
9362 3
9362 4
9362 5
9362 6
9362 7
9362 8
9362 9
9362 10
9362 11
9362 12
9362 13
9362 14
9362 15
9362 16
9362 17
9362 18
9362 19
9362 20
9362 21
9362 22
9362 23
9363 0
9363 1
9363 2
9364 0
9364 1
9364 2
9364 3
9364 4
9364 5
9364 6
9364 7
9364 8
9364 9
9364 10
9364 11
9364 12
9364 13
9364 14
9364 15
9364 16
9364 17
9364 18
9364 19
9364 20
9364 21
9364 22
9364 23
9364 24
9364 25
9364 26
9364 27
9364 28
9364 29
9364 30
9364 31
9364 32
9364 33
9364 34
9364 35
9365 0
9365 1
9365 2
9365 3
9365 4
9365 5
9365 6
9365 7
9365 8
9365 9
9365 10
9365 11
9365 12
9365 13
9365 14
9365 15
9365 16
9365 17
9365 18
9365 19
9365 20
9365 21
9365 22
9365 23
9365 24
9365 25
9365 26
9365 27
9365 28
9365 29
9366 0
9366 1
9366 2
9366 3
9366 4
9366 5
9366 6
9366 7
9366 8
9366 9
9366 10
9366 11
9366 12
9366 13
9366 14
9366 15
9366 16
9366 17
9366 18
9366 19
9366 20
9366 21
9366 22
9366 23
9366 24
9366 25
9366 26
9366 27
9366 28
9366 29
9366 30
9366 31
9366 32
9366 33
9366 34
9366 35
9366 36
9366 37
9366 38
9366 39
9366 40
9366 41
9366 42
9366 43
9366 44
9366 45
9366 46
9366 47
9366 48
9366 49
9366 50
9366 51
9366 52
9366 53
9366 54
9366 55
9366 56
9366 57
9366 58
9366 59
9366 60
9366 61
9366 62
9366 63
9366 64
9366 65
9366 66
9367 1
9367 2
9367 3
9367 4
9367 5
9367 6
9367 7
9367 8
9367 9
9367 10
9367 11
9367 12
9367 13
9367 14
9367 15
9367 16
9367 17
9367 18
9367 19
9367 20
9367 21
9367 22
9367 23
9367 24
9367 25
9367 26
9367 27
9367 28
9367 29
9367 30
9367 31
9367 32
9368 0
9368 1
9368 2
9369 0
9370 0
9370 1
9370 2
9370 3
9370 4
9370 5
9370 6
9370 7
9370 8
9370 9
9370 10
9370 11
9370 12
9370 13
9370 14
9370 15
9370 16
9370 17
9370 18
9370 19
9370 20
9370 21
9370 22
9370 23
9370 24
9370 25
9370 26
9370 27
9370 28
9370 29
9370 30
9370 31
9371 0
9371 1
9371 2
9371 3
9371 4
9371 5
9371 6
9371 7
9371 8
9371 9
9371 10
9371 11
9371 12
9371 13
9371 14
9371 15
9371 16
9371 17
9371 18
9371 19
9371 20
9373 0
9373 1
9373 2
9373 3
9373 4
9373 5
9373 6
9373 7
9373 8
9373 9
9373 10
9373 11
9373 12
9373 13
9373 14
9373 15
9373 16
9373 17
9373 18
9373 19
9373 20
9373 21
9373 22
9373 23
9373 24
9373 25
9373 26
9373 27
9373 28
9373 29
9373 30
9373 31
9373 32
9373 33
9373 34
9373 35
9373 36
9373 37
9373 38
9373 39
9373 40
9373 41
9373 42
9373 43
9373 44
9373 45
9373 46
9373 47
9373 48
9373 49
9373 50
9373 51
9373 52
9373 53
9374 0
9374 1
9374 2
9374 3
9374 4
9374 5
9374 6
9374 7
9374 8
9374 9
9374 10
9374 11
9374 12
9374 13
9374 14
9374 15
9374 16
9375 0
9375 1
9375 2
9375 3
9375 4
9375 5
9375 6
9375 7
9375 8
9375 9
9375 10
9375 11
9376 0
9376 1
9376 2
9376 3
9376 4
9376 5
9376 6
9376 7
9376 8
9376 9
9376 10
9376 11
9376 12
9376 13
9376 14
9376 15
9376 16
9376 17
9376 18
9376 19
9376 20
9376 21
9376 22
9376 23
9376 24
9376 25
9376 26
9376 27
9376 28
9376 29
9376 30
9376 31
9379 0
9379 1
9380 0
9380 1
9380 2
9381 0
9382 0
9383 0
9384 0
9384 1
9384 2
9385 0
9386 0
9386 1
9387 0
9390 0
9390 1
9390 2
9391 0
9391 1
9391 2
9391 3
9392 0
9392 1
9392 2
9392 3
9392 4
9392 5
9392 6
9392 7
9392 8
9392 9
9392 10
9392 11
9392 12
9392 13
9393 0
9393 1
9393 2
9393 3
9393 4
9393 5
9393 6
9394 0
9394 1
9394 2
9394 3
9394 4
9394 5
9394 6
9394 7
9394 8
9394 9
9394 10
9394 11
9394 12
9394 13
9394 14
9394 15
9394 16
9394 17
9394 18
9395 0
9395 1
9395 2
9395 3
9395 4
9395 5
9395 6
9395 7
9395 8
9395 9
9395 10
9395 11
9395 12
9395 13
9395 14
9395 15
9395 16
9395 17
9395 18
9395 19
9395 20
9395 21
9395 22
9396 0
9396 1
9396 2
9396 3
9396 4
9396 5
9396 6
9396 7
9396 8
9396 9
9396 10
9396 11
9396 12
9396 13
9396 14
9396 15
9396 16
9396 17
9396 18
9396 19
9396 20
9396 21
9396 22
9396 23
9396 24
9396 25
9396 26
9396 27
9396 28
9396 29
9396 30
9396 31
9396 32
9396 33
9396 34
9396 35
9396 36
9396 37
9396 38
9396 39
9398 0
9398 1
9398 2
9398 3
9398 4
9398 5
9398 6
9398 7
9398 8
9398 9
9398 10
9398 11
9398 12
9398 13
9398 14
9398 15
9398 16
9398 17
9398 18
9398 19
9398 20
9398 21
9398 22
9398 23
9398 24
9398 25
9398 26
9398 27
9398 28
9398 29
9398 30
9398 31
9398 32
9398 33
9398 34
9398 35
9398 36
9398 37
9398 38
9398 39
9398 40
9398 41
9398 42
9398 43
9398 44
9398 45
9398 46
9398 47
9398 48
9398 49
9398 50
9398 51
9398 52
9398 53
9398 54
9398 55
9398 56
9399 0
9399 1
9399 2
9399 3
9399 4
9399 5
9399 6
9399 7
9399 8
9399 9
9399 10
9399 11
9399 12
9399 13
9399 14
9399 15
9399 16
9399 17
9399 18
9399 19
9399 20
9399 21
9399 22
9399 23
9399 24
9399 25
9399 26
9399 29
9399 30
9399 31
9399 32
9399 33
9399 34
9399 35
9399 36
9399 37
9399 38
9399 39
9399 40
9399 41
9399 42
9399 43
9399 44
9399 45
9399 46
9399 47
9399 48
9399 49
9399 50
9399 51
9399 52
9399 53
9399 54
9399 55
9399 56
9399 57
9399 58
9399 59
9399 60
9399 61
9399 62
9399 63
9399 64
9399 65
9399 66
9399 67
9399 68
9399 69
9399 70
9399 71
9399 72
9399 73
9399 74
9399 75
9399 76
9399 77
9399 78
9400 0
9400 1
9400 2
9400 3
9400 4
9400 5
9400 6
9400 7
9400 8
9400 9
9400 10
9400 11
9400 12
9400 13
9400 14
9400 15
9400 16
9400 17
9400 18
9400 19
9400 20
9400 21
9400 22
9400 23
9400 24
9400 25
9401 0
9401 1
9401 2
9401 3
9401 4
9401 5
9401 6
9401 7
9401 8
9401 9
9402 0
9402 1
9403 0
9403 1
9403 2
9403 3
9405 0
9405 1
9405 2
9405 3
9406 0
9409 0
9409 1
9409 2
9409 3
9409 4
9409 5
9409 6
9409 7
9409 8
9409 9
9409 10
9409 11
9409 12
9409 13
9409 14
9409 15
9409 16
9409 17
9409 18
9409 19
9409 20
9409 21
9409 22
9409 23
9409 24
9409 25
9409 26
9409 27
9409 28
9409 29
9409 30
9409 31
9409 32
9409 33
9409 34
9410 0
9410 1
9410 2
9410 3
9411 0
9412 0
9412 1
9412 2
9413 0
9413 1
9413 2
9413 3
9413 4
9413 5
9413 6
9413 7
9413 8
9413 9
9413 10
9413 11
9413 12
9413 13
9413 14
9413 15
9413 16
9413 17
9413 18
9413 19
9413 20
9413 21
9413 22
9413 23
9413 24
9413 25
9413 26
9413 27
9413 28
9413 29
9413 30
9413 31
9413 32
9413 33
9413 34
9413 35
9413 36
9413 37
9413 38
9413 39
9413 40
9413 41
9413 42
9413 43
9413 44
9413 45
9413 46
9413 47
9413 48
9413 49
9413 50
9413 51
9413 52
9413 53
9413 54
9413 55
9413 56
9413 57
9413 58
9413 59
9413 60
9414 0
9414 1
9414 2
9415 0
9416 0
9416 1
9416 2
9416 3
9416 4
9417 0
9417 1
9418 0
9419 0
9422 0
9425 0
9425 1
9425 2
9425 3
9426 0
9426 1
9426 2
9426 3
9426 4
9426 5
9426 6
9426 7
9426 8
9426 9
9426 10
9427 0
9427 1
9427 2
9427 3
9427 4
9427 5
9427 6
9427 7
9427 8
9427 9
9427 10
9427 11
9427 12
9427 13
9427 14
9427 15
9427 16
9427 17
9427 18
9427 19
9427 20
9427 21
9427 22
9427 23
9427 24
9427 25
9427 26
9427 27
9427 28
9427 29
9427 30
9427 31
9427 32
9427 33
9427 34
9427 35
9427 36
9427 37
9427 38
9427 39
9427 40
9427 41
9427 42
9427 43
9427 44
9427 45
9427 46
9427 47
9427 48
9427 49
9427 50
9427 51
9427 52
9427 53
9427 54
9427 55
9427 56
9427 57
9427 58
9427 59
9427 60
9427 61
9427 62
9427 63
9427 64
9427 65
9427 66
9427 67
9427 68
9427 69
9427 70
9427 71
9427 72
9427 73
9427 74
9427 75
9427 76
9427 77
9427 78
9427 79
9427 80
9427 81
9427 82
9427 83
9427 84
9427 85
9427 86
9427 87
9427 88
9427 89
9427 90
9427 91
9427 92
9427 93
9427 94
9427 95
9427 96
9427 97
9427 98
9427 99
9427 100
9427 101
9427 102
9427 103
9427 104
9427 105
9427 106
9427 107
9427 108
9427 109
9427 110
9427 111
9427 112
9427 113
9427 114
9427 115
9427 116
9427 117
9427 118
9427 119
9427 120
9427 121
9427 122
9427 123
9427 124
9427 125
9427 126
9427 127
9428 0
9428 1
9428 2
9428 3
9428 4
9428 5
9428 6
9428 7
9429 0
9430 0
9430 1
9430 2
9430 3
9430 4
9430 5
9430 6
9431 0
9431 1
9431 2
9431 3
9431 4
9431 5
9431 6
9431 7
9431 8
9431 9
9431 10
9431 11
9431 12
9431 13
9431 14
9431 15
9431 16
9431 17
9431 18
9431 19
9431 20
9431 21
9431 22
9431 23
9431 24
9431 25
9431 26
9431 27
9431 28
9431 29
9431 30
9431 31
9431 32
9431 33
9431 34
9431 35
9431 37
9431 38
9431 39
9431 40
9431 41
9431 42
9431 43
9431 44
9431 45
9431 46
9431 47
9431 48
9431 49
9432 0
9432 1
9432 2
9432 3
9432 4
9432 5
9432 6
9432 7
9432 8
9432 9
9432 10
9432 11
9432 12
9432 13
9432 14
9432 15
9432 16
9432 17
9432 18
9432 19
9432 20
9432 21
9432 22
9432 23
9432 24
9432 25
9433 0
9433 1
9433 2
9433 3
9433 4
9434 0
9434 1
9434 2
9434 3
9434 4
9434 5
9434 6
9434 7
9434 8
9434 9
9434 10
9434 11
9434 12
9434 13
9434 14
9434 15
9435 0
9435 1
9435 2
9435 3
9436 0
9436 1
9436 2
9436 3
9437 0
9437 1
9437 2
9437 3
9437 4
9437 5
9437 6
9437 7
9437 8
9437 9
9437 10
9437 11
9437 12
9437 13
9437 14
9437 15
9437 16
9437 17
9437 18
9437 19
9437 20
9437 21
9437 22
9437 23
9437 24
9437 25
9437 26
9437 27
9437 28
9437 29
9437 30
9438 0
9439 0
9439 1
9439 2
9439 3
9439 4
9439 5
9439 6
9439 7
9439 8
9439 9
9439 10
9439 11
9439 12
9439 13
9439 14
9439 15
9439 16
9439 17
9439 18
9439 19
9439 20
9439 21
9439 22
9440 0
9440 1
9440 2
9441 0
9441 1
9441 2
9441 3
9441 4
9441 5
9441 6
9441 7
9441 8
9441 9
9441 10
9441 11
9441 12
9441 13
9441 14
9441 15
9441 16
9441 17
9441 18
9441 19
9441 20
9441 21
9441 22
9441 23
9441 24
9441 25
9441 26
9441 27
9441 28
9441 29
9441 30
9441 31
9441 32
9441 33
9441 34
9441 35
9441 36
9441 37
9441 38
9441 39
9441 40
9441 41
9441 42
9441 43
9441 44
9441 45
9441 46
9441 47
9441 48
9441 49
9441 50
9441 51
9441 52
9441 53
9441 54
9442 0
9442 1
9442 2
9442 3
9442 4
9442 5
9442 6
9442 7
9442 8
9442 9
9442 10
9442 11
9442 12
9443 0
9443 1
9443 2
9443 3
9443 4
9443 5
9444 0
9444 1
9444 2
9444 3
9445 0
9445 1
9445 2
9445 3
9445 4
9445 5
9445 6
9445 7
9445 8
9445 9
9445 10
9445 11
9445 12
9445 13
9445 14
9445 15
9445 16
9445 17
9445 18
9448 0
9448 1
9448 2
9448 3
9448 4
9448 5
9448 6
9448 7
9448 8
9448 9
9448 10
9448 11
9448 12
9448 13
9448 14
9448 15
9448 16
9448 17
9449 0
9449 1
9449 2
9449 3
9449 4
9449 5
9449 6
9449 7
9449 8
9449 9
9449 10
9449 11
9449 12
9449 13
9449 14
9449 15
9449 16
9449 17
9449 18
9449 19
9449 20
9449 21
9449 22
9449 23
9449 24
9449 25
9450 0
9450 1
9450 2
9450 3
9450 4
9450 5
9450 6
9450 7
9451 0
9451 1
9451 2
9451 3
9452 0
9452 1
9452 2
9452 3
9452 4
9452 5
9452 6
9452 7
9452 8
9452 9
9452 10
9452 11
9452 12
9452 13
9452 14
9452 15
9452 16
9452 17
9452 18
9452 19
9452 20
9452 21
9452 22
9452 23
9453 0
9453 1
9453 2
9453 3
9454 0
9454 1
9454 2
9454 3
9454 4
9454 5
9454 6
9454 7
9454 8
9454 9
9454 10
9454 11
9454 12
9454 13
9454 14
9454 15
9454 16
9454 17
9454 18
9454 19
9454 20
9454 21
9454 22
9454 23
9454 24
9454 25
9455 0
9455 1
9455 2
9455 3
9455 4
9455 5
9455 6
9455 7
9455 8
9455 9
9455 10
9455 11
9455 12
9455 13
9455 14
9455 15
9455 16
9455 17
9455 18
9456 0
9456 1
9456 2
9456 3
9456 4
9456 5
9456 6
9456 7
9456 8
9456 9
9456 10
9456 11
9457 0
9457 1
9457 2
9457 3
9457 4
9457 5
9457 6
9457 7
9457 8
9458 0
9458 1
9458 2
9458 3
9458 4
9458 5
9458 6
9458 7
9458 8
9458 9
9458 10
9458 11
9458 12
9458 13
9458 14
9458 15
9458 16
9458 17
9458 18
9458 19
9458 20
9458 21
9458 22
9458 23
9458 24
9458 25
9458 26
9458 27
9458 28
9458 29
9458 30
9458 31
9458 32
9458 33
9458 34
9458 35
9458 36
9458 37
9458 38
9458 39
9459 0
9459 1
9459 2
9459 3
9459 4
9459 5
9459 6
9459 7
9459 8
9459 9
9459 10
9459 11
9459 12
9459 13
9459 14
9459 15
9459 16
9459 17
9459 18
9459 21
9459 22
9459 23
9459 24
9459 25
9460 0
9460 1
9460 2
9460 3
9460 4
9460 5
9460 6
9460 7
9460 8
9460 9
9460 10
9460 11
9460 12
9460 13
9460 14
9460 15
9460 16
9460 17
9460 18
9460 19
9460 20
9460 21
9460 22
9460 23
9460 24
9460 25
9460 26
9460 27
9460 28
9460 29
9460 30
9460 31
9460 32
9460 33
9460 34
9460 35
9460 36
9460 37
9460 38
9460 39
9460 40
9460 41
9460 42
9460 43
9460 44
9460 45
9460 46
9460 47
9460 48
9460 49
9460 50
9460 51
9460 52
9460 53
9460 54
9460 55
9460 56
9460 57
9460 58
9460 59
9460 60
9461 0
9461 1
9461 2
9461 3
9461 4
9461 5
9461 6
9461 7
9461 8
9461 9
9461 10
9461 11
9461 12
9461 13
9461 14
9461 15
9461 16
9461 17
9461 18
9461 19
9461 20
9461 21
9461 22
9461 23
9461 24
9461 25
9461 26
9461 27
9461 28
9461 29
9461 30
9461 31
9461 32
9461 33
9461 34
9461 35
9461 36
9461 37
9461 38
9461 39
9461 40
9461 41
9461 42
9461 43
9461 44
9461 45
9461 46
9461 47
9461 48
9461 49
9461 50
9461 51
9461 52
9461 53
9461 54
9461 55
9461 56
9461 57
9461 58
9461 59
9462 0
9462 1
9462 2
9462 3
9462 4
9462 5
9462 6
9462 7
9462 8
9462 9
9462 10
9462 11
9462 12
9462 13
9462 14
9462 15
9462 16
9462 17
9462 18
9462 19
9462 20
9462 21
9462 22
9462 23
9462 24
9462 25
9462 26
9462 27
9462 28
9462 29
9462 30
9462 31
9462 32
9462 33
9463 0
9463 1
9463 2
9463 3
9463 4
9463 5
9463 6
9463 7
9463 8
9463 9
9463 10
9463 11
9463 12
9463 13
9463 14
9463 15
9463 16
9463 17
9463 18
9463 19
9463 20
9463 21
9463 22
9463 23
9463 24
9463 25
9463 26
9463 27
9463 28
9463 29
9463 30
9463 31
9464 0
9465 0
9465 1
9465 2
9465 3
9465 4
9465 5
9465 6
9465 7
9465 8
9465 9
9465 10
9465 11
9466 0
9466 1
9466 2
9466 3
9466 4
9466 5
9466 6
9466 7
9466 8
9467 0
9467 1
9467 2
9467 3
9467 4
9467 5
9467 6
9467 7
9467 8
9467 9
9467 10
9468 0
9468 1
9468 2
9468 3
9468 4
9468 5
9468 6
9468 7
9468 8
9468 9
9469 0
9469 1
9470 0
9470 1
9470 2
9470 3
9471 0
9471 1
9471 2
9471 3
9471 4
9471 5
9471 6
9471 7
9471 8
9471 9
9471 10
9471 11
9471 12
9471 13
9471 14
9471 15
9471 16
9471 17
9472 0
9472 1
9472 2
9472 3
9472 4
9472 5
9472 6
9472 7
9472 8
9472 9
9472 10
9472 11
9473 0
9473 1
9473 2
9473 3
9473 4
9473 5
9473 6
9473 7
9473 8
9473 9
9474 0
9474 1
9474 2
9474 3
9474 4
9474 5
9474 6
9474 7
9474 8
9474 9
9474 10
9474 11
9474 12
9474 13
9474 14
9475 0
9475 1
9475 2
9475 3
9475 4
9475 5
9475 6
9475 7
9475 8
9475 9
9475 10
9475 11
9475 12
9475 13
9475 14
9475 15
9475 16
9475 17
9475 18
9475 19
9475 20
9475 21
9475 22
9475 23
9475 24
9475 25
9475 26
9475 27
9475 28
9478 0
9478 1
9478 2
9478 3
9478 4
9478 5
9478 6
9478 7
9480 0
9481 0
9481 1
9481 2
9481 3
9481 4
9481 5
9482 0
9482 1
9482 2
9482 3
9483 0
9483 1
9483 2
9484 0
9485 0
9486 0
9486 1
9486 2
9487 0
9487 1
9487 2
9487 3
9487 4
9487 5
9487 6
9487 7
9487 8
9487 9
9487 10
9487 11
9487 12
9487 13
9487 14
9487 15
9487 16
9487 17
9487 18
9487 19
9487 20
9487 21
9487 22
9487 23
9487 24
9487 25
9487 26
9487 27
9487 28
9487 29
9487 30
9488 0
9489 0
9489 1
9490 0
9490 1
9490 2
9490 3
9490 4
9490 5
9490 6
9490 7
9490 8
9491 0
9491 1
9492 0
9493 0
9494 0
9495 0
9495 1
9496 0
9497 0
9497 1
9498 0
9499 0
9499 1
9500 0
9501 0
9502 0
9503 0
9504 0
9505 0
9506 0
9506 1
9507 0
9508 0
9509 0
9510 0
9511 0
9512 0
9513 0
9514 0
9515 0
9516 0
9517 0
9518 0
9519 0
9520 0
9521 0
9522 0
9523 0
9524 0
9524 1
9524 2
9524 3
9524 4
9524 5
9524 6
9524 7
9524 8
9524 9
9524 12
9524 13
9524 14
9524 15
9524 16
9524 17
9524 18
9524 19
9524 20
9524 21
9524 22
9524 23
9524 24
9524 25
9524 26
9524 27
9524 28
9525 0
9526 0
9527 0
9528 0
9530 0
9531 0
9531 1
9533 0
9533 1
9533 2
9533 3
9534 0
9535 0
9536 0
9537 0
9538 0
9539 0
9540 0
9541 0
9542 0
9543 0
9544 0
9545 0
9546 0
9546 1
9547 0
9548 0
9548 1
9548 2
9548 3
9548 4
9548 5
9549 0
9550 0
9551 0
9552 0
9552 1
9553 0
9554 0
9555 0
9555 1
9555 2
9555 3
9555 4
9555 5
9555 6
9555 7
9555 8
9555 9
9555 10
9555 11
9555 12
9555 13
9555 14
9555 15
9555 16
9555 17
9555 18
9555 19
9555 20
9555 21
9555 22
9555 23
9555 24
9555 25
9555 26
9559 0
9559 1
9559 2
9559 3
9560 0
9561 0
9562 0
9562 1
9564 0
9565 0
9566 0
9567 0
9568 0
9569 0
9570 0
9571 0
9571 1
9571 2
9572 0
9572 1
9573 0
9574 0
9575 0
9576 0
9576 1
9576 2
9576 3
9576 4
9579 0
9579 1
9579 2
9579 3
9579 4
9579 5
9579 6
9579 7
9579 8
9579 9
9579 10
9579 11
9580 0
9580 1
9580 2
9580 3
9580 4
9580 5
9580 6
9580 7
9580 8
9580 9
9580 10
9580 11
9580 12
9580 13
9580 14
9580 15
9580 16
9580 17
9580 18
9581 0
9582 0
9582 1
9582 2
9582 3
9582 4
9582 5
9582 6
9582 7
9582 8
9582 9
9582 10
9583 0
9583 1
9583 2
9583 3
9583 4
9583 5
9583 6
9583 7
9584 0
9585 0
9585 1
9585 2
9585 3
9585 4
9585 5
9585 6
9585 7
9585 8
9585 9
9585 10
9585 11
9585 12
9585 13
9585 14
9585 15
9585 16
9585 17
9585 18
9585 19
9585 20
9585 21
9585 22
9585 23
9586 0
9586 1
9586 2
9586 3
9586 4
9586 5
9586 6
9586 7
9586 8
9586 9
9586 10
9586 11
9587 0
9587 1
9587 2
9587 3
9587 4
9587 5
9587 6
9587 7
9587 8
9587 9
9587 10
9587 11
9587 12
9587 13
9587 14
9587 15
9587 16
9587 17
9587 18
9587 19
9587 20
9587 21
9587 22
9587 23
9587 24
9587 25
9587 26
9587 27
9587 28
9587 29
9587 30
9587 31
9587 32
9587 33
9588 0
9588 1
9588 2
9588 3
9588 4
9588 5
9588 6
9588 7
9588 8
9588 9
9588 10
9589 0
9589 1
9589 2
9589 3
9589 4
9589 5
9589 6
9589 7
9589 8
9589 9
9589 10
9589 11
9589 12
9589 13
9589 14
9589 15
9589 16
9589 17
9589 18
9589 19
9589 20
9589 21
9589 22
9589 23
9589 24
9589 25
9589 26
9590 0
9590 1
9590 2
9590 3
9590 4
9590 5
9590 6
9590 7
9590 8
9590 9
9590 10
9590 11
9590 12
9590 13
9590 14
9590 15
9590 16
9590 17
9591 0
9591 1
9591 2
9591 3
9591 4
9591 5
9591 6
9591 7
9591 8
9591 9
9591 10
9591 11
9591 12
9591 13
9591 14
9591 15
9592 0
9592 1
9592 2
9592 3
9592 4
9592 5
9592 6
9593 0
9593 1
9593 2
9594 0
9594 1
9594 2
9594 3
9594 4
9594 5
9594 6
9594 7
9594 8
9594 9
9594 10
9594 11
9594 12
9594 13
9594 14
9594 15
9594 16
9595 0
9596 0
9596 1
9596 2
9596 3
9597 0
9597 1
9597 2
9597 3
9597 4
9597 5
9597 6
9597 7
9597 8
9597 9
9597 10
9597 11
9597 12
9598 0
9598 1
9598 2
9598 3
9598 4
9598 5
9598 6
9598 7
9598 8
9598 9
9598 10
9598 11
9598 12
9598 13
9598 14
9598 15
9598 16
9598 17
9598 18
9598 19
9598 20
9598 21
9598 22
9598 23
9598 24
9598 25
9598 26
9598 27
9598 28
9598 29
9598 30
9598 31
9598 32
9598 33
9598 34
9598 35
9598 36
9598 37
9598 38
9598 39
9598 40
9598 41
9598 42
9598 43
9598 44
9598 45
9598 46
9598 47
9598 48
9598 49
9598 50
9599 0
9599 1
9599 2
9599 3
9599 4
9599 5
9599 6
9599 7
9599 8
9599 9
9599 10
9599 11
9601 0
9601 1
9601 2
9601 3
9601 4
9601 5
9603 0
9604 0
9604 1
9604 2
9604 3
9604 4
9605 0
9605 1
9605 2
9605 3
9605 4
9605 5
9605 6
9606 0
9606 5
9606 6
9606 7
9606 8
9607 0
9607 1
9607 2
9607 3
9607 4
9607 5
9607 6
9607 7
9607 8
9607 9
9607 10
9607 11
9607 12
9607 13
9607 14
9607 15
9607 16
9607 17
9607 18
9607 19
9607 20
9607 21
9607 22
9607 23
9607 24
9607 25
9607 26
9607 27
9607 28
9608 0
9608 1
9608 2
9608 3
9610 0
9610 1
9610 2
9610 3
9610 4
9610 5
9610 6
9610 7
9610 8
9610 9
9610 10
9610 11
9610 12
9610 13
9610 14
9610 15
9610 16
9611 0
9611 1
9611 2
9611 3
9613 0
9613 1
9613 2
9613 3
9613 4
9613 5
9613 6
9613 7
9613 8
9613 9
9613 10
9613 11
9613 12
9613 13
9613 14
9613 15
9613 16
9613 17
9613 18
9613 19
9613 20
9613 21
9613 22
9613 23
9613 24
9614 0
9614 1
9614 2
9614 3
9614 4
9614 5
9614 6
9614 7
9614 8
9614 9
9614 10
9614 11
9614 12
9614 13
9614 14
9614 15
9614 16
9614 17
9614 18
9614 19
9614 20
9614 21
9614 22
9614 23
9614 24
9614 25
9614 26
9614 27
9614 28
9614 29
9614 30
9614 31
9614 32
9614 33
9614 34
9614 35
9614 36
9614 37
9614 38
9614 39
9614 40
9614 41
9614 42
9614 43
9614 44
9614 45
9614 46
9615 0
9615 1
9616 0
9616 1
9616 2
9616 3
9616 4
9616 5
9616 6
9616 7
9616 8
9616 9
9616 10
9616 11
9616 12
9616 13
9616 14
9616 15
9616 16
9616 17
9616 18
9616 19
9616 20
9616 21
9616 22
9616 23
9617 0
9617 1
9617 2
9617 3
9617 4
9617 5
9617 6
9617 7
9617 8
9617 9
9617 10
9618 0
9618 1
9618 2
9618 3
9619 0
9619 1
9619 2
9619 3
9620 0
9620 1
9620 2
9620 3
9620 4
9620 5
9620 6
9620 7
9620 8
9620 9
9620 10
9620 11
9620 12
9620 13
9620 14
9620 15
9620 16
9620 17
9620 18
9620 19
9620 20
9620 21
9620 22
9620 23
9620 24
9620 25
9620 26
9620 27
9620 28
9620 29
9620 30
9620 31
9620 32
9620 33
9620 34
9620 35
9620 36
9620 37
9620 38
9620 39
9620 40
9620 41
9620 42
9620 43
9624 0
9624 1
9624 2
9624 3
9624 4
9624 5
9624 6
9624 7
9624 8
9624 9
9624 10
9624 11
9624 12
9624 13
9624 14
9624 15
9624 16
9624 17
9624 18
9624 19
9624 20
9624 21
9624 22
9624 23
9624 24
9624 25
9624 26
9624 27
9624 28
9624 29
9624 30
9624 31
9624 32
9624 33
9624 34
9624 35
9624 36
9624 37
9624 38
9624 39
9624 40
9624 41
9625 0
9625 1
9625 2
9626 0
9626 1
9643 30
9643 31
9643 32
9643 33
9643 34
9643 35
9643 36
9643 37
9643 38
9643 43
9643 44
9643 45
9643 46
9643 47
9643 48
9643 49
9643 50
9643 51
9643 52
9643 53
9643 54
9643 55
9643 56
9643 57
9643 58
9643 59
9643 60
9643 61
9643 62
9643 63
9643 64
9644 0
9644 1
9644 2
9644 3
9644 4
9644 5
9644 6
9644 7
9644 8
9644 9
9644 10
9644 11
9645 0
9645 1
9645 2
9645 3
9645 4
9645 5
9645 6
9645 7
9645 8
9645 9
9645 10
9645 11
9645 12
9645 13
9645 14
9645 15
9645 16
9645 17
9645 18
9646 0
9647 0
9647 1
9647 2
9647 3
9647 4
9647 5
9648 0
9649 0
9650 0
9651 0
9651 1
9651 2
9651 3
9651 4
9651 5
9652 0
9653 0
9653 1
9656 0
9656 1
9656 2
9656 3
9656 4
9656 5
9656 6
9656 7
9656 8
9656 9
9656 10
9656 11
9656 12
9656 13
9656 14
9656 15
9656 16
9656 17
9656 18
9656 19
9656 20
9656 21
9656 22
9656 23
9656 24
9656 25
9656 26
9656 27
9656 28
9656 29
9656 30
9656 31
9656 32
9656 33
9656 34
9656 35
9656 36
9656 37
9656 38
9656 39
9657 0
9657 1
9657 2
9657 3
9657 4
9657 5
9657 6
9657 7
9657 8
9657 9
9657 10
9657 11
9657 12
9657 13
9657 14
9657 15
9657 16
9657 17
9657 18
9657 19
9657 20
9657 21
9657 22
9657 23
9657 24
9657 25
9657 26
9657 27
9657 28
9657 29
9657 30
9657 31
9657 32
9657 33
9657 34
9657 35
9657 36
9657 37
9657 38
9657 39
9657 40
9657 41
9657 42
9657 43
9657 44
9657 45
9657 46
9657 47
9657 48
9657 49
9657 50
9657 51
9657 52
9657 53
9657 54
9657 55
9657 56
9657 57
9657 58
9657 59
9657 60
9657 61
9657 62
9657 63
9657 64
9657 65
9657 66
9657 67
9658 0
9658 1
9658 2
9658 3
9658 4
9658 5
9658 6
9658 7
9658 8
9658 9
9658 10
9658 11
9658 12
9658 13
9658 14
9658 15
9658 16
9658 17
9658 18
9658 19
9658 20
9658 21
9658 22
9658 23
9658 24
9658 25
9658 26
9658 27
9658 28
9659 1
9659 2
9659 3
9659 4
9659 5
9659 6
9659 7
9659 8
9659 9
9659 10
9659 11
9659 12
9659 13
9659 14
9659 15
9659 16
9659 17
9659 18
9659 19
9659 20
9659 21
9659 22
9659 23
9659 24
9659 25
9659 26
9659 27
9659 28
9659 29
9660 0
9660 1
9660 2
9660 3
9660 4
9660 5
9660 6
9660 7
9660 8
9660 9
9660 10
9660 11
9660 12
9660 13
9660 14
9660 15
9660 16
9660 17
9660 18
9660 19
9660 20
9660 21
9660 22
9660 23
9660 24
9660 25
9660 26
9660 27
9660 28
9660 29
9660 30
9660 31
9660 32
9661 0
9661 1
9661 2
9661 3
9661 4
9661 5
9661 6
9661 7
9661 8
9661 9
9661 10
9661 11
9661 12
9661 13
9661 14
9661 15
9661 16
9661 17
9661 18
9661 19
9661 20
9661 21
9661 22
9661 23
9661 24
9661 25
9661 26
9661 27
9661 28
9661 29
9661 30
9661 31
9661 32
9661 33
9662 0
9662 1
9662 2
9662 3
9662 4
9662 5
9662 6
9662 7
9662 8
9662 9
9662 10
9662 11
9662 12
9662 13
9662 14
9662 15
9662 16
9662 17
9662 18
9662 19
9662 20
9662 21
9662 22
9662 23
9662 24
9662 25
9662 26
9662 27
9662 28
9662 29
9662 30
9662 31
9662 32
9662 33
9662 34
9662 35
9662 36
9662 37
9662 38
9662 39
9662 40
9662 41
9662 42
9662 43
9662 44
9662 45
9663 0
9664 0
9665 0
9666 0
9668 0
9669 0
9670 0
9670 1
9671 0
9671 1
9671 2
9671 3
9671 4
9671 5
9675 0
9675 1
9675 2
9675 3
9675 4
9675 5
9675 6
9675 7
9675 8
9675 9
9675 10
9675 11
9675 12
9675 13
9675 14
9675 15
9675 16
9675 17
9675 18
9675 19
9675 20
9675 21
9675 22
9675 23
9675 24
9676 0
9676 1
9676 2
9676 3
9676 4
9676 5
9676 6
9676 7
9676 8
9676 9
9676 10
9676 11
9676 12
9676 13
9676 14
9676 15
9676 16
9676 17
9676 18
9676 19
9676 20
9676 21
9676 22
9676 23
9676 24
9676 25
9676 26
9676 27
9676 28
9676 29
9676 30
9676 31
9677 0
9682 0
9682 1
9682 2
9682 3
9682 4
9682 5
9682 6
9683 0
9683 1
9683 2
9683 3
9683 4
9683 5
9683 6
9683 7
9683 8
9683 9
9683 10
9683 11
9683 12
9683 13
9683 14
9683 15
9683 16
9683 17
9683 18
9683 19
9683 20
9683 21
9683 22
9683 23
9683 24
9683 25
9683 26
9684 0
9684 1
9684 2
9684 3
9684 4
9684 5
9684 6
9684 7
9684 8
9684 9
9684 10
9684 11
9684 12
9684 13
9684 14
9684 15
9684 16
9684 17
9684 18
9684 19
9684 20
9684 21
9684 22
9684 23
9684 24
9684 25
9684 26
9684 27
9684 28
9684 29
9684 30
9684 31
9685 0
9685 1
9685 2
9685 3
9685 4
9685 5
9685 6
9685 7
9685 8
9685 9
9686 0
9687 0
9688 0
9689 0
9690 0
9691 0
9692 0
9693 0
9694 0
9694 1
9694 2
9695 0
9696 0
9696 1
9696 2
9696 3
9697 0
9698 0
9698 1
9698 2
9698 3
9698 4
9698 5
9699 0
9699 1
9699 2
9699 3
9699 4
9699 5
9699 6
9699 7
9699 8
9699 9
9699 10
9699 11
9699 12
9699 13
9699 14
9699 15
9699 16
9699 17
9699 18
9699 19
9699 20
9699 21
9699 22
9699 23
9699 24
9699 25
9699 26
9700 0
9700 1
9700 2
9700 3
9700 4
9700 5
9700 6
9700 7
9700 8
9700 9
9700 10
9700 11
9700 12
9700 13
9700 14
9701 0
9701 1
9701 2
9701 3
9701 4
9701 5
9701 6
9701 7
9701 8
9701 9
9701 10
9701 11
9701 12
9701 13
9701 14
9701 15
9701 16
9701 17
9701 18
9701 19
9701 20
9701 21
9701 22
9701 23
9701 24
9701 25
9701 26
9701 27
9701 28
9702 1
9703 0
9703 1
9703 2
9703 3
9703 4
9703 5
9703 6
9703 7
9703 8
9703 9
9703 10
9703 11
9703 12
9703 13
9703 14
9703 15
9703 16
9704 0
9706 0
9706 1
9706 2
9706 3
9706 4
9706 5
9706 6
9706 7
9706 8
9706 9
9706 10
9707 0
9707 1
9707 2
9707 3
9707 4
9707 5
9707 6
9707 7
9707 8
9707 9
9707 10
9707 11
9707 12
9707 13
9707 14
9707 15
9707 16
9707 17
9707 18
9707 19
9707 20
9707 21
9707 22
9707 23
9707 24
9707 25
9707 26
9707 27
9707 28
9707 29
9707 30
9707 31
9707 32
9707 33
9707 34
9707 35
9707 36
9707 37
9707 38
9707 39
9707 40
9707 41
9707 42
9707 43
9707 44
9707 45
9707 46
9707 47
9707 48
9707 49
9707 50
9707 51
9707 52
9707 53
9707 54
9707 55
9707 56
9707 57
9707 58
9707 59
9707 60
9707 61
9707 62
9708 0
9708 1
9708 2
9708 3
9708 4
9708 5
9708 6
9708 7
9708 8
9708 9
9708 10
9708 11
9708 12
9708 13
9708 14
9708 15
9708 16
9708 17
9708 18
9708 19
9708 20
9708 21
9708 22
9708 23
9708 24
9709 0
9709 1
9709 2
9709 3
9709 4
9709 5
9709 6
9709 7
9709 8
9709 9
9709 10
9709 11
9709 12
9709 13
9709 14
9709 15
9709 16
9709 17
9709 18
9709 19
9709 20
9709 21
9709 22
9709 23
9709 24
9709 25
9709 26
9709 27
9709 28
9709 29
9709 30
9709 31
9709 32
9709 33
9709 34
9709 35
9709 36
9709 37
9709 38
9709 39
9709 40
9709 41
9709 42
9709 43
9709 44
9709 45
9710 0
9710 1
9710 2
9710 3
9710 4
9710 5
9710 6
9710 7
9710 8
9710 9
9710 10
9710 11
9710 12
9710 13
9710 14
9710 15
9710 16
9710 17
9710 18
9710 19
9710 20
9710 21
9710 22
9710 23
9710 24
9710 25
9710 26
9710 27
9710 28
9710 29
9710 30
9710 31
9710 32
9710 33
9710 34
9710 35
9710 36
9710 37
9710 38
9710 39
9710 40
9710 41
9710 42
9710 43
9710 44
9710 45
9710 46
9710 47
9710 48
9710 49
9710 50
9710 51
9710 52
9710 53
9710 54
9710 55
9711 0
9711 1
9711 2
9711 3
9711 4
9714 0
9714 1
9714 2
9714 3
9714 4
9714 5
9714 6
9714 7
9714 8
9714 9
9714 10
9714 11
9714 12
9714 13
9714 14
9714 15
9714 16
9714 17
9714 18
9714 19
9714 20
9714 21
9714 22
9714 23
9714 24
9714 25
9714 26
9714 27
9714 28
9714 29
9714 30
9714 31
9714 32
9714 33
9714 34
9714 35
9714 36
9714 37
9714 38
9714 39
9714 40
9714 41
9714 42
9714 43
9714 44
9714 45
9714 46
9714 47
9714 48
9714 49
9714 50
9714 51
9714 52
9714 53
9714 54
9714 55
9714 56
9714 57
9714 58
9714 59
9714 60
9714 61
9714 62
9714 63
9714 64
9714 65
9714 66
9714 67
9714 68
9714 69
9714 70
9714 71
9714 72
9714 73
9714 74
9714 75
9714 76
9714 77
9714 78
9714 79
9714 80
9714 81
9714 82
9714 83
9714 84
9714 85
9714 86
9714 87
9714 88
9714 89
9714 90
9714 91
9714 92
9714 93
9714 94
9714 95
9714 96
9714 97
9714 98
9714 99
9714 100
9714 101
9714 102
9714 103
9714 104
9714 105
9714 106
9714 107
9714 108
9714 109
9714 110
9714 111
9714 112
9714 113
9714 114
9714 115
9714 116
9714 117
9714 118
9714 119
9714 120
9714 121
9714 122
9714 123
9714 124
9714 125
9714 126
9714 127
9714 128
9714 129
9714 130
9714 131
9714 132
9714 133
9714 134
9714 135
9714 136
9714 137
9714 138
9714 139
9714 140
9714 141
9714 142
9714 143
9714 144
9714 145
9714 146
9714 147
9714 148
9714 149
9714 150
9714 151
9714 152
9714 153
9714 154
9714 155
9714 156
9714 157
9714 158
9714 159
9714 160
9714 161
9714 162
9714 163
9714 164
9714 165
9714 166
9714 167
9714 168
9714 169
9714 170
9714 171
9714 172
9714 173
9714 174
9714 175
9714 176
9714 177
9715 0
9715 1
9715 2
9715 3
9715 4
9715 5
9715 6
9715 7
9715 8
9715 9
9715 10
9715 11
9715 12
9715 13
9715 14
9715 15
9715 16
9715 17
9715 18
9715 19
9715 20
9715 21
9715 22
9715 23
9715 24
9715 25
9715 27
9715 28
9715 29
9715 30
9715 31
9715 32
9715 33
9715 34
9715 35
9715 36
9715 37
9715 38
9715 39
9715 40
9715 41
9715 42
9715 43
9715 44
9715 45
9715 46
9715 47
9715 48
9715 49
9715 50
9715 51
9715 52
9715 53
9715 54
9715 55
9715 56
9715 57
9715 58
9715 59
9715 60
9715 61
9715 62
9715 63
9715 64
9715 65
9715 66
9715 67
9715 68
9715 69
9715 70
9715 71
9715 72
9715 73
9715 74
9715 75
9715 76
9715 77
9715 78
9715 79
9715 80
9715 81
9715 82
9715 83
9715 84
9715 85
9715 86
9715 87
9715 88
9715 89
9715 90
9715 91
9715 92
9715 93
9715 94
9715 95
9715 96
9715 97
9715 98
9715 99
9715 100
9715 101
9715 102
9716 0
9716 1
9716 2
9716 3
9716 4
9716 5
9716 6
9716 7
9716 8
9716 9
9716 10
9716 11
9716 12
9716 13
9716 14
9716 15
9716 16
9716 17
9716 18
9716 19
9716 20
9716 21
9716 22
9716 23
9716 24
9716 25
9716 26
9716 27
9716 28
9716 29
9716 30
9717 0
9717 1
9717 2
9717 3
9717 4
9717 5
9717 6
9717 7
9717 8
9717 9
9717 10
9717 11
9717 12
9717 13
9717 14
9717 15
9717 16
9717 17
9717 18
9717 19
9717 20
9717 21
9717 22
9717 23
9717 24
9717 25
9717 26
9717 27
9717 28
9717 29
9717 30
9717 31
9717 32
9717 33
9717 34
9717 35
9717 36
9717 37
9717 38
9717 39
9717 40
9717 41
9717 42
9717 43
9717 44
9717 45
9717 46
9717 47
9717 48
9717 49
9717 50
9717 51
9717 52
9717 53
9717 54
9717 55
9717 56
9717 57
9717 58
9717 59
9717 60
9717 61
9717 62
9717 63
9717 64
9717 65
9717 66
9717 67
9717 68
9717 69
9717 70
9718 0
9718 1
9718 2
9718 3
9718 4
9718 5
9718 6
9718 7
9718 8
9719 0
9719 1
9719 2
9719 3
9719 4
9719 5
9719 6
9719 7
9719 8
9719 9
9719 10
9719 11
9719 12
9719 13
9719 14
9719 15
9719 16
9719 17
9719 18
9719 19
9719 20
9719 21
9719 22
9719 23
9719 24
9720 0
9720 1
9720 2
9720 3
9720 4
9720 5
9720 6
9720 7
9720 8
9720 9
9720 10
9720 11
9720 12
9720 13
9720 14
9720 15
9720 16
9720 17
9720 18
9720 19
9720 20
9720 21
9720 22
9720 23
9720 24
9720 25
9720 26
9720 27
9720 28
9720 29
9720 30
9720 31
9720 32
9720 33
9720 34
9720 35
9720 36
9720 37
9720 38
9720 39
9720 40
9720 41
9720 42
9720 43
9720 44
9721 0
9721 1
9721 2
9721 3
9721 4
9721 5
9721 6
9721 7
9721 8
9721 9
9721 10
9721 11
9721 12
9721 13
9721 14
9721 15
9721 16
9721 17
9721 18
9721 19
9721 20
9721 21
9721 22
9721 23
9721 24
9721 25
9721 26
9721 27
9721 28
9721 29
9721 30
9721 31
9721 32
9721 33
9721 34
9721 35
9721 36
9721 37
9721 38
9721 39
9721 40
9721 41
9721 42
9721 43
9721 44
9721 45
9721 46
9721 47
9721 48
9721 49
9721 50
9721 51
9721 52
9721 53
9721 54
9721 55
9721 56
9721 57
9721 58
9721 59
9721 60
9721 61
9721 62
9721 63
9721 64
9721 65
9721 66
9721 67
9721 68
9721 69
9721 70
9721 71
9721 72
9721 73
9788 001
9788 002
9788 003
9788 004
9788 005
9788 006
9788 007
9788 008
9788 009
9788 010
9788 011
9788 012
9788 013
9789 000
9789 001
9789 002
9789 003
9789 004
9789 005
9789 006
9789 007
9789 008
9789 009
9789 010
9789 011
9789 012
9789 013
9789 014
9789 015
9789 016
9789 017
9789 018
9789 019
9789 020
9789 021
9789 022
9789 023
9789 024
9789 025
9789 026
9789 027
9789 028
9789 029
9789 030
9789 031
9789 032
9789 033
9789 034
9789 035
9789 036
9789 037
9789 038
9789 039
9789 040
9789 041
9789 042
9789 043
9789 044
9789 045
9789 046
9789 047
9789 048
9789 049
9789 050
9789 051
9789 052
9789 053
9789 054
9789 055
9789 056
9789 057
9790 000
9790 001
9790 002
9790 003
9790 004
9790 005
9790 006
9790 007
9790 008
9790 009
9790 010
9790 011
9790 012
9790 013
9790 014
9790 015
9790 016
9790 017
9790 018
9790 019
9790 020
9790 021
9790 022
9790 023
9790 024
9790 025
9790 026
9790 027
9790 028
9790 029
9790 030
9790 031
9790 032
9790 033
9790 034
9790 035
9790 036
9790 037
9790 038
9790 039
9790 040
9790 041
9790 042
9790 043
9790 044
9790 045
9790 046
9790 047
9790 048
9790 049
9790 050
9790 051
9790 052
9790 053
9790 054
9790 055
9790 056
9790 057
9790 058
9790 059
9790 060
9790 061
9790 062
9790 063
9790 064
9790 065
9790 066
9790 067
9790 068
9790 069
9790 070
9790 071
9790 072
9790 073
9790 074
9790 075
9790 076
9790 077
9790 078
9790 079
9790 080
9790 081
9790 082
9790 083
9790 084
9790 085
9790 086
9790 087
9790 088
9790 089
9790 090
9790 091
9790 092
9790 093
9790 094
9790 097
9790 098
9790 099
9790 100
9790 101
9790 102
9790 103
9790 104
9790 105
9790 106
9790 107
9790 108
9790 109
9790 110
9790 111
9790 112
9790 113
9791 000
9791 001
9791 002
9791 003
9791 004
9791 005
9791 006
9791 007
9791 008
9791 009
9791 010
9791 011
9791 012
9791 013
9791 014
9791 015
9791 016
9791 017
9791 018
9791 019
9791 020
9791 021
9791 022
9791 023
9791 024
9791 025
9791 026
9791 027
9791 028
9791 029
9791 030
9791 031
9791 032
9791 033
9791 034
9791 035
9791 036
9793 000
9793 001
9793 002
9793 003
9793 004
9793 005
9793 006
9793 007
9793 008
9793 009
9793 010
9793 011
9793 012
9793 013
9793 014
9793 015
9793 016
9793 017
9793 018
9793 019
9793 020
9793 021
9793 022
9793 023
9793 024
9793 025
9793 026
9793 027
9793 028
9793 029
9793 030
9793 031
9793 032
9793 033
9793 034
9793 035
9793 036
9793 037
9793 038
9793 039
9793 040
9793 041
9793 042
9793 043
9793 044
9793 045
9793 046
9793 047
9793 048
9793 049
9793 050
9793 051
9793 052
9793 053
9793 054
9793 055
9793 056
9793 057
9793 058
9793 059
9793 060
9793 061
9793 062
9793 063
9793 064
9793 065
9793 066
9793 067
9793 068
9793 069
9793 070
9793 071
9793 072
9793 073
9793 074
9793 075
9793 076
9793 077
9793 078
9793 079
9793 080
9793 081
9793 082
9793 083
9793 084
9793 085
9793 086
9793 087
9793 088
9793 089
9793 090
9793 091
9793 092
9794 000
9794 001
9794 002
9794 003
9794 004
9794 005
9794 006
9794 007
9794 008
9794 009
9794 010
9794 011
9794 012
9794 013
9794 014
9794 015
9795 000
9795 001
9795 002
9795 003
9795 004
9795 005
9795 006
9795 007
9795 008
9795 009
9795 010
9795 011
9795 012
9795 013
9795 014
9795 015
9795 016
9795 017
9795 018
9795 019
9796 000
9796 001
9796 002
9796 003
9796 004
9796 005
9796 006
9796 007
9796 008
9796 009
9796 010
9796 011
9797 000
9797 001
9797 002
9797 003
9797 004
9797 005
9797 006
9797 007
9797 008
9797 009
9797 010
9797 011
9797 012
9797 013
9797 014
9797 015
9797 016
9797 017
9797 018
9797 019
9797 020
9798 000
9798 001
9798 002
9798 003
9798 004
9798 005
9798 006
