9000 001
9000 011
9009 002
9009 012
9009 022
9021 006
9021 016
9021 026
9025 020
9025 030
9025 040
9032 019
9032 029
9034 002
9034 012
9034 022
9034 032
9034 042
9034 052
9034 062
9043 040
9045 013
9045 023
9045 033
9045 043
9045 053
9045 063
9045 094
9045 104
9045 114
9045 124
9045 134
9045 144
9045 154
9045 164
9048 017
9048 027
9048 037
9048 047
9048 057
9048 067
9048 077
9048 087
9049 007
9049 017
9057 014
9060 005
9060 015
9061 006
9061 016
9061 026
9061 036
9061 046
9061 056
9061 066
9062 002
9065 010
9067 005
9067 015
9069 002
9069 012
9070 011
9070 021
9070 031
9070 041
9070 051
9070 061
9070 071
9070 081
9070 091
9070 121
9070 131
9070 141
9070 151
9070 161
9070 171
9072 006
9072 016
9072 026
9072 036
9072 046
9072 056
9072 066
9072 076
9072 086
9073 002
9073 012
9073 022
9074 010
9075 006
9086 001
9086 011
9086 021
9086 037
9086 047
9086 057
9086 067
9086 077
9086 087
9086 097
9087 007
9087 021
9087 031
9087 041
9087 051
9087 061
9088 007
9088 017
9128 012
9128 022
9128 032
9128 042
9130 015
9130 025
9133 008
9133 018
9133 028
9134 006
9135 001
9138 005
9138 015
9139 003
9139 013
9139 023
9145 025
9145 035
9145 049
9145 059
9145 076
9146 001
9146 011
9146 021
9148 002
9148 012
9148 022
9149 008
9149 018
9149 028
9149 038
9149 048
9149 058
9149 068
9149 078
9174 021
9174 033
9174 058
9174 068
9177 002
9177 012
9177 022
9177 032
9177 042
9177 052
9178 006
9178 016
9178 026
9178 036
9179 028
9179 038
9179 048
9181 006
9182 004
9182 014
9182 024
9182 034
9185 002
9185 012
9186 008
9186 018
9187 008
9187 018
9187 028
9187 038
9187 048
9189 007
9189 017
9190 003
9190 014
9190 024
9190 034
9190 044
9191 002
9191 012
9191 022
9192 006
9199 009
9199 019
9199 029
9199 039
9199 049
9200 003
9202 010
9203 009
9203 019
9205 006
9205 016
9205 045
9205 055
9205 065
9206 006
9207 001
9207 011
9207 021
9207 031
9207 044
9207 054
9208 003
9211 003
9211 013
9211 023
9211 033
9211 043
9214 010
9215 010
9215 020
9215 030
9216 001
9320 0
9320 10
9320 20
9320 30
9321 7
9322 5
9322 15
9324 1
9324 11
9324 21
9330 2
9332 1
9332 11
9333 7
9334 8
9335 6
9335 16
9335 26
9335 36
9336 5
9338 2
9340 2
9341 8
9341 18
9341 28
9341 38
9342 6
9346 3
9347 8
9347 18
9347 28
9347 38
9347 48
9348 1
9350 6
9350 16
9351 3
9351 13
9351 23
9352 8
9356 2
9359 6
9359 16
9359 26
9361 6
9362 2
9362 12
9362 22
9364 5
9364 15
9364 25
9364 35
9365 9
9365 19
9365 29
9366 9
9366 19
9366 29
9366 39
9366 49
9366 59
9367 3
9367 13
9367 23
9368 0
9370 6
9370 16
9370 26
9371 4
9371 14
9373 3
9373 13
9373 23
9373 33
9373 43
9373 53
9374 9
9375 2
9376 0
9376 10
9376 20
9376 30
9384 0
9391 0
9392 6
9393 2
9394 5
9394 15
9395 6
9395 16
9396 3
9396 13
9396 23
9396 33
9398 3
9398 13
9398 23
9398 33
9398 43
9398 53
9399 6
9399 16
9399 26
9399 38
9399 48
9399 58
9399 68
9399 78
9400 9
9400 19
9401 3
9403 1
9409 2
9409 12
9409 22
9409 32
9412 2
9413 9
9413 19
9413 29
9413 39
9413 49
9413 59
9416 4
9426 0
9426 10
9427 9
9427 19
9427 29
9427 39
9427 49
9427 59
9427 69
9427 79
9427 89
9427 99
9427 109
9427 119
9428 1
9430 2
9431 5
9431 15
9431 25
9431 35
9431 46
9432 6
9432 16
9433 0
9434 5
9434 15
9437 1
9437 11
9437 21
9438 0
9439 9
9439 19
9441 3
9441 13
9441 23
9441 33
9441 43
9441 53
9442 8
9443 5
9445 5
9445 15
9448 6
9448 16
9449 8
9449 18
9450 2
9452 0
9452 10
9452 20
9454 2
9454 12
9454 22
9455 6
9455 16
9456 7
9457 5
9458 6
9458 16
9458 26
9458 36
9459 6
9459 16
9460 2
9460 12
9460 22
9460 32
9460 42
9460 52
9461 1
9461 11
9461 21
9461 31
9461 41
9461 51
9462 1
9462 11
9462 21
9462 31
9463 7
9463 17
9463 27
9465 4
9466 2
9467 3
9468 2
9470 0
9471 6
9471 16
9472 8
9473 6
9474 6
9475 1
9475 11
9475 21
9478 2
9481 3
9484 0
9487 5
9487 15
9487 25
9490 1
9492 0
9499 1
9508 0
9518 0
9524 4
9524 16
9524 26
9533 0
9540 0
9548 1
9553 0
9555 8
9555 18
9559 1
9567 0
9574 0
9579 3
9580 1
9580 11
9582 1
9583 0
9585 1
9585 11
9585 21
9586 7
9587 5
9587 15
9587 25
9588 1
9589 0
9589 10
9589 20
9590 3
9590 13
9591 5
9591 15
9593 2
9594 9
9596 1
9597 7
9598 4
9598 14
9598 24
9598 34
9598 44
9599 3
9601 1
9604 4
9606 6
9607 7
9607 17
9607 27
9610 4
9610 14
9613 3
9613 13
9613 23
9614 8
9614 18
9614 28
9614 38
9615 1
9616 9
9616 19
9617 5
9619 0
9620 6
9620 16
9620 26
9620 36
9624 2
9624 12
9624 22
9624 32
9625 0
9643 35
9643 49
9643 59
9644 4
9645 2
9645 12
9647 2
9651 3
9656 4
9656 14
9656 24
9656 34
9657 4
9657 14
9657 24
9657 34
9657 44
9657 54
9657 64
9658 6
9658 16
9658 26
9659 8
9659 18
9659 28
9660 8
9660 18
9660 28
9661 5
9661 15
9661 25
9662 1
9662 11
9662 21
9662 31
9662 41
9669 0
9675 1
9675 11
9675 21
9676 6
9676 16
9676 26
9682 3
9683 6
9683 16
9683 26
9684 9
9684 19
9684 29
9685 7
9693 0
9698 0
9699 4
9699 14
9699 24
9700 7
9701 2
9701 12
9701 22
9703 2
9703 12
9706 4
9707 3
9707 13
9707 23
9707 33
9707 43
9707 53
9708 0
9708 10
9708 20
9709 5
9709 15
9709 25
9709 35
9709 45
9710 9
9710 19
9710 29
9710 39
9710 49
9711 3
9714 8
9714 18
9714 28
9714 38
9714 48
9714 58
9714 68
9714 78
9714 88
9714 98
9714 108
9714 118
9714 128
9714 138
9714 148
9714 158
9714 168
9715 0
9715 10
9715 20
9715 31
9715 41
9715 51
9715 61
9715 71
9715 81
9715 91
9715 101
9716 8
9716 18
9716 28
9717 7
9717 17
9717 27
9717 37
9717 47
9717 57
9717 67
9718 6
9719 7
9719 17
9720 2
9720 12
9720 22
9720 32
9720 42
9721 7
9721 17
9721 27
9721 37
9721 47
9721 57
9721 67
9788 01
9788 11
9789 07
9789 17
9789 27
9789 37
9789 47
9789 57
9790 09
9790 19
9790 29
9790 39
9790 49
9790 59
9790 69
9790 79
9790 89
9790 101
9790 111
9791 07
9791 17
9791 27
9793 00
9793 10
9793 20
9793 30
9793 40
9793 50
9793 60
9793 70
9793 80
9793 90
9794 07
9795 01
9795 11
9796 01
9796 11
9797 09
9797 19
