9730 0000
9730 0001
9730 0002
9730 0003
9730 0004
9730 0005
9730 0006
9730 0007
9730 0008
9730 0009
9730 0010
9730 0011
9730 0012
9730 0013
9730 0014
9730 0015
9730 0016
9730 0017
9731 0000
9731 0001
9731 0002
9731 0003
9731 0004
9731 0005
9731 0006
9731 0007
9731 0008
9731 0009
9731 0010
9731 0011
9731 0012
9731 0013
9731 0014
9731 0015
9731 0016
9731 0017
9731 0018
9731 0019
9731 0020
9731 0021
9731 0022
9731 0023
9731 0024
9731 0025
9732 0000
9732 0001
9732 0002
9732 0003
9732 0004
9732 0005
9738 0000
9738 0001
9738 0002
9739 0000
9739 0001
9739 0002
9739 0003
9739 0004
9739 0005
9739 0006
9739 0007
9739 0008
9739 0009
9739 0010
9739 0011
9739 0012
9739 0013
9739 0014
9739 0015
9739 0016
9739 0017
9739 0018
9739 0019
9739 0020
9739 0021
9739 0022
9739 0023
9739 0024
9739 0025
9739 0026
9739 0027
9739 0028
9739 0029
9739 0030
9739 0031
9739 0032
9739 0033
9739 0034
9739 0035
9739 0036
9739 0037
9739 0038
9748 0000
9748 0001
9748 0002
9748 0003
9748 0004
9748 0005
9748 0006
9748 0007
9748 0008
9748 0009
9748 0010
9748 0011
9748 0012
9748 0013
9748 0014
9748 0015
9748 0016
9748 0017
9748 0018
9748 0019
9748 0020
9748 0021
9748 0022
9748 0023
9748 0024
9748 0025
9748 0026
9748 0027
9748 0028
9748 0029
9748 0030
9748 0031
9748 0032
9748 0033
9748 0034
9748 0035
9748 0036
9748 0037
9748 0038
