4165 1
4172 6
4174 2
4180 2
4197 1
4198 3
4200 10
4200 20
4200 30
4201 9
4201 19
4211 2
4222 5
4369 1
4394 1
4394 11
4402 7
4402 17
4402 27
4402 37
4402 47
4403 10
4404 3
4407 2
4407 12
4407 22
4407 32
4409 3
4409 13
4409 23
4409 33
4409 43
4411 1
4411 11
4411 21
4411 31
4412 3
4412 13
4437 1
4438 8
4439 5
4439 15
4442 3
4443 6
4461 3
4461 13
4461 23
4467 2
4467 12
4467 22
4467 32
4477 9
4526 2
4528 5
4528 15
4528 25
4529 8
4529 18
4529 28
4530 10
4531 6
4532 2
4533 1
4533 11
4536 1
4536 11
4537 10
4539 2
4539 12
4540 6
4541 1
4541 11
4541 21
4541 31
4542 4
4542 14
4544 3
4546 1
4546 11
4546 21
4546 31
4671 10
4671 20
4671 30
4684 1
4684 11
4684 21
4684 31
4684 41
4684 51
4684 61
4685 4
4685 14
4685 24
4685 34
4685 44
4686 2
4686 12
4686 22
4688 6
4688 16
4689 2
4737 1
4740 1
4740 11
4740 21
4740 31
4742 4
4742 14
4742 24
4742 34
4742 44
4742 54
4742 64
4742 74
4742 84
4743 6
4743 16
4743 26
4750 10
4752 1
4753 10
4753 20
4755 6
4755 16
4755 26
4755 36
4755 46
4755 56
4756 8
4756 18
4756 28
4788 5
4788 15
4788 25
4788 35
4789 3
4789 13
4794 3
4794 13
4794 23
4794 33
4794 43
4794 53
4794 63
4794 73
4795 5
4795 15
4795 25
4795 35
4795 45
4795 55
4795 65
4795 75
4795 85
4795 95
4795 105
4795 115
4795 125
4795 135
4798 5
4798 15
4799 6
4812 8
4812 18
4812 28
4812 38
4812 48
4812 58
4812 68
4813 7
4813 17
4813 27
4813 37
4814 6
4814 16
4814 26
4814 36
4814 46
4814 56
4816 7
4818 4
4818 14
4818 24
4819 1
4979 4
4980 8
4980 18
4989 8
4989 18
4989 28
4989 38
4990 5
4990 15
4990 25
4990 35
4990 45
4990 55
4990 65
4990 75
