4165 0
4165 1
4165 2
4165 3
4165 4
4165 5
4172 0
4172 1
4172 2
4172 3
4172 4
4172 5
4172 6
4173 0
4173 1
4173 2
4173 3
4173 4
4173 5
4173 6
4173 7
4173 8
4174 0
4174 1
4174 2
4174 3
4175 0
4175 1
4175 2
4178 0
4178 1
4179 0
4179 1
4179 2
4179 3
4179 4
4180 0
4180 1
4180 2
4180 3
4180 4
4180 5
4180 6
4180 7
4190 0
4190 1
4190 2
4195 0
4195 1
4196 0
4196 1
4197 0
4197 1
4197 2
4197 3
4197 4
4197 5
4197 6
4197 7
4197 8
4198 0
4198 1
4198 2
4198 3
4200 0
4200 1
4200 2
4200 3
4200 4
4200 5
4200 6
4200 7
4200 8
4200 9
4200 10
4200 11
4200 12
4200 13
4200 14
4200 15
4200 16
4200 17
4200 18
4200 19
4200 20
4200 21
4200 22
4200 23
4200 24
4200 25
4200 26
4200 27
4200 28
4200 29
4200 30
4200 31
4201 0
4201 1
4201 2
4201 3
4201 4
4201 5
4201 6
4201 7
4201 8
4201 9
4201 10
4201 11
4201 12
4201 13
4201 14
4201 15
4201 16
4201 17
4201 18
4201 19
4201 20
4201 21
4202 0
4202 1
4202 2
4202 3
4202 4
4202 5
4210 0
4210 1
4211 0
4211 1
4211 2
4211 3
4211 4
4211 5
4211 6
4221 0
4221 1
4222 0
4222 1
4222 2
4222 3
4222 4
4222 5
4222 6
4367 0
4367 1
4367 2
4367 3
4367 4
4367 5
4367 6
4367 7
4367 8
4369 0
4369 1
4369 2
4369 3
4369 4
4369 5
4369 6
4369 7
4369 8
4369 9
4393 0
4393 1
4394 0
4394 1
4394 2
4394 3
4394 4
4394 5
4394 6
4394 7
4394 8
4394 9
4394 10
4394 11
4394 12
4394 13
4394 14
4402 0
4402 1
4402 2
4402 3
4402 4
4402 5
4402 6
4402 7
4402 8
4402 9
4402 10
4402 11
4402 12
4402 13
4402 14
4402 15
4402 16
4402 17
4402 18
4402 19
4402 20
4402 21
4402 22
4402 23
4402 24
4402 25
4402 26
4402 27
4402 28
4402 29
4402 30
4402 31
4402 32
4402 33
4402 34
4402 35
4402 36
4402 37
4402 38
4402 39
4402 40
4402 41
4402 42
4402 43
4402 44
4402 45
4402 46
4402 47
4403 0
4403 1
4403 2
4403 3
4403 4
4403 5
4403 6
4403 7
4403 8
4403 9
4403 10
4403 11
4403 12
4403 13
4403 14
4403 15
4403 16
4403 17
4404 0
4404 1
4404 2
4404 3
4404 4
4406 0
4406 1
4406 2
4406 3
4406 4
4406 5
4406 6
4406 7
4407 0
4407 1
4407 2
4407 3
4407 4
4407 5
4407 6
4407 7
4407 8
4407 9
4407 10
4407 11
4407 12
4407 13
4407 14
4407 15
4407 16
4407 17
4407 18
4407 19
4407 20
4407 21
4407 22
4407 23
4407 24
4407 25
4407 26
4407 27
4407 28
4407 29
4407 30
4407 31
4407 32
4408 0
4408 1
4408 2
4408 3
4408 4
4408 5
4408 6
4408 7
4409 0
4409 1
4409 2
4409 3
4409 4
4409 5
4409 6
4409 7
4409 8
4409 9
4409 10
4409 11
4409 12
4409 13
4409 14
4409 15
4409 16
4409 17
4409 18
4409 19
4409 20
4409 21
4409 22
4409 23
4409 24
4409 25
4409 26
4409 27
4409 28
4409 29
4409 30
4409 31
4409 32
4409 33
4409 34
4409 35
4409 36
4409 37
4409 38
4409 39
4409 40
4409 41
4409 42
4409 43
4409 44
4410 0
4410 1
4410 2
4410 3
4410 4
4410 5
4410 6
4410 7
4410 8
4411 0
4411 1
4411 2
4411 3
4411 4
4411 5
4411 6
4411 7
4411 8
4411 9
4411 10
4411 11
4411 12
4411 13
4411 14
4411 15
4411 16
4411 17
4411 18
4411 19
4411 20
4411 21
4411 22
4411 23
4411 24
4411 25
4411 26
4411 27
4411 28
4411 29
4411 30
4411 31
4411 32
4411 33
4411 34
4411 35
4411 36
4411 37
4411 38
4412 0
4412 1
4412 2
4412 3
4412 4
4412 5
4412 6
4412 7
4412 8
4412 9
4412 10
4412 11
4412 12
4412 13
4412 14
4412 15
4412 16
4412 17
4412 18
4436 0
4436 1
4436 2
4436 3
4436 4
4437 0
4437 1
4437 2
4437 3
4438 0
4438 1
4438 2
4438 3
4438 4
4438 5
4438 6
4438 7
4438 8
4438 9
4438 10
4438 11
4438 12
4438 13
4439 0
4439 1
4439 2
4439 3
4439 4
4439 5
4439 6
4439 7
4439 8
4439 9
4439 10
4439 11
4439 12
4439 13
4439 14
4439 15
4439 16
4439 17
4439 18
4439 19
4439 20
4439 21
4439 22
4442 0
4442 1
4442 2
4442 3
4442 4
4442 5
4442 6
4442 7
4443 0
4443 1
4443 2
4443 3
4443 4
4443 5
4443 6
4443 7
4443 8
4443 9
4443 10
4443 11
4444 0
4444 1
4444 2
4461 0
4461 1
4461 2
4461 3
4461 4
4461 5
4461 6
4461 7
4461 8
4461 9
4461 10
4461 11
4461 12
4461 13
4461 14
4461 15
4461 16
4461 17
4461 18
4461 19
4461 20
4461 21
4461 22
4461 23
4461 24
4461 25
4461 26
4461 27
4461 28
4461 29
4461 30
4461 31
4467 0
4467 1
4467 2
4467 3
4467 4
4467 5
4467 6
4467 7
4467 8
4467 9
4467 10
4467 11
4467 12
4467 13
4467 14
4467 15
4467 16
4467 17
4467 18
4467 19
4467 20
4467 21
4467 22
4467 23
4467 24
4467 25
4467 26
4467 27
4467 28
4467 29
4467 30
4467 31
4467 32
4468 0
4468 1
4477 0
4477 1
4477 2
4477 3
4477 4
4477 5
4477 6
4477 7
4477 8
4477 9
4477 10
4477 11
4477 12
4477 13
4477 14
4477 15
4477 16
4477 17
4526 0
4526 1
4526 2
4526 3
4526 4
4526 5
4526 6
4526 7
4527 0
4528 0
4528 1
4528 2
4528 3
4528 4
4528 5
4528 6
4528 7
4528 8
4528 9
4528 10
4528 11
4528 12
4528 13
4528 14
4528 15
4528 16
4528 17
4528 18
4528 19
4528 20
4528 21
4528 22
4528 23
4528 24
4528 25
4528 26
4528 27
4529 0
4529 1
4529 2
4529 3
4529 4
4529 5
4529 6
4529 7
4529 8
4529 9
4529 10
4529 11
4529 12
4529 13
4529 14
4529 15
4529 16
4529 17
4529 18
4529 19
4529 20
4529 21
4529 22
4529 23
4529 24
4529 25
4529 26
4529 27
4529 28
4530 0
4530 1
4530 2
4530 3
4530 4
4530 5
4530 6
4530 7
4530 8
4530 9
4530 10
4530 11
4530 12
4530 13
4530 14
4531 0
4531 1
4531 2
4531 3
4531 4
4531 5
4531 6
4531 7
4531 8
4531 9
4531 10
4531 11
4531 12
4531 13
4531 14
4532 0
4532 1
4532 2
4532 3
4532 4
4532 5
4532 6
4532 7
4532 8
4532 9
4532 10
4532 11
4533 0
4533 1
4533 2
4533 3
4533 4
4533 5
4533 6
4533 7
4533 8
4533 9
4533 10
4533 11
4533 12
4533 13
4534 0
4534 1
4534 2
4534 3
4534 4
4534 5
4534 6
4535 0
4535 1
4536 0
4536 1
4536 2
4536 3
4536 4
4536 5
4536 6
4536 7
4536 8
4536 9
4536 10
4536 11
4537 0
4537 1
4537 2
4537 3
4537 4
4537 5
4537 6
4537 7
4537 8
4537 9
4537 10
4537 11
4537 12
4537 13
4538 0
4538 1
4538 2
4538 3
4538 4
4538 5
4539 0
4539 1
4539 2
4539 3
4539 4
4539 5
4539 6
4539 7
4539 8
4539 9
4539 10
4539 11
4539 12
4539 13
4539 14
4539 15
4539 16
4540 0
4540 1
4540 2
4540 3
4540 4
4540 5
4540 6
4540 7
4540 8
4540 9
4540 10
4540 11
4540 12
4540 13
4540 14
4540 15
4541 0
4541 1
4541 2
4541 3
4541 4
4541 5
4541 6
4541 7
4541 8
4541 9
4541 10
4541 11
4541 12
4541 13
4541 14
4541 15
4541 16
4541 17
4541 18
4541 19
4541 20
4541 21
4541 22
4541 23
4541 24
4541 25
4541 26
4541 27
4541 28
4541 29
4541 30
4541 31
4541 32
4541 33
4541 34
4541 35
4541 36
4541 37
4542 0
4542 1
4542 2
4542 3
4542 4
4542 5
4542 6
4542 7
4542 8
4542 9
4542 10
4542 11
4542 12
4542 13
4542 14
4542 15
4542 16
4543 0
4543 1
4543 2
4543 3
4543 4
4543 5
4544 0
4544 1
4544 2
4544 3
4544 4
4544 5
4544 6
4544 7
4544 8
4544 9
4544 10
4544 11
4544 12
4546 0
4546 1
4546 2
4546 3
4546 4
4546 5
4546 6
4546 7
4546 8
4546 9
4546 10
4546 11
4546 12
4546 13
4546 14
4546 15
4546 16
4546 17
4546 18
4546 19
4546 20
4546 21
4546 22
4546 23
4546 24
4546 25
4546 26
4546 27
4546 28
4546 29
4546 30
4546 31
4671 0
4671 1
4671 2
4671 3
4671 4
4671 5
4671 6
4671 7
4671 8
4671 9
4671 10
4671 11
4671 12
4671 13
4671 14
4671 15
4671 16
4671 17
4671 18
4671 19
4671 20
4671 21
4671 22
4671 23
4671 24
4671 25
4671 26
4671 27
4671 28
4671 29
4671 30
4671 31
4671 32
4671 33
4671 34
4671 35
4671 36
4671 37
4671 38
4671 39
4684 0
4684 1
4684 2
4684 3
4684 4
4684 5
4684 6
4684 7
4684 8
4684 9
4684 10
4684 11
4684 12
4684 13
4684 14
4684 15
4684 16
4684 17
4684 18
4684 19
4684 20
4684 21
4684 22
4684 23
4684 24
4684 25
4684 26
4684 27
4684 28
4684 29
4684 30
4684 31
4684 32
4684 33
4684 34
4684 35
4684 36
4684 37
4684 38
4684 39
4684 40
4684 41
4684 42
4684 43
4684 44
4684 45
4684 46
4684 47
4684 48
4684 49
4684 50
4684 51
4684 52
4684 53
4684 54
4684 55
4684 56
4684 57
4684 58
4684 59
4684 60
4684 61
4684 62
4684 63
4684 64
4684 65
4684 66
4684 67
4685 0
4685 1
4685 2
4685 3
4685 4
4685 5
4685 6
4685 7
4685 8
4685 9
4685 10
4685 11
4685 12
4685 13
4685 14
4685 15
4685 16
4685 17
4685 18
4685 19
4685 20
4685 21
4685 22
4685 23
4685 24
4685 25
4685 26
4685 27
4685 28
4685 29
4685 30
4685 31
4685 32
4685 33
4685 34
4685 35
4685 36
4685 37
4685 38
4685 39
4685 40
4685 41
4685 42
4685 43
4685 44
4685 45
4685 46
4685 47
4685 48
4685 49
4685 50
4685 51
4685 52
4686 0
4686 1
4686 2
4686 3
4686 4
4686 5
4686 6
4686 7
4686 8
4686 9
4686 10
4686 11
4686 12
4686 13
4686 14
4686 15
4686 16
4686 17
4686 18
4686 19
4686 20
4686 21
4686 22
4686 23
4686 24
4686 25
4686 26
4688 0
4688 1
4688 2
4688 3
4688 4
4688 5
4688 6
4688 7
4688 8
4688 9
4688 10
4688 11
4688 12
4688 13
4688 14
4688 15
4688 16
4688 17
4688 18
4688 19
4688 20
4688 21
4688 22
4688 23
4688 24
4689 0
4689 1
4689 2
4689 3
4689 4
4689 5
4689 6
4732 0
4732 1
4732 2
4732 3
4732 4
4732 5
4737 0
4737 1
4737 2
4737 3
4737 4
4737 5
4737 6
4737 7
4737 8
4737 9
4737 10
4740 0
4740 1
4740 2
4740 3
4740 4
4740 5
4740 6
4740 7
4740 8
4740 9
4740 10
4740 11
4740 12
4740 13
4740 14
4740 15
4740 16
4740 17
4740 18
4740 19
4740 20
4740 21
4740 22
4740 23
4740 24
4740 25
4740 26
4740 27
4740 28
4740 29
4740 30
4740 31
4740 32
4740 33
4740 34
4740 35
4740 36
4740 37
4742 0
4742 1
4742 2
4742 3
4742 4
4742 5
4742 6
4742 7
4742 8
4742 9
4742 10
4742 11
4742 12
4742 13
4742 14
4742 15
4742 16
4742 17
4742 18
4742 19
4742 20
4742 21
4742 22
4742 23
4742 24
4742 25
4742 26
4742 27
4742 28
4742 29
4742 30
4742 31
4742 32
4742 33
4742 34
4742 35
4742 36
4742 37
4742 38
4742 39
4742 40
4742 41
4742 42
4742 43
4742 44
4742 45
4742 46
4742 47
4742 48
4742 49
4742 50
4742 51
4742 52
4742 53
4742 54
4742 55
4742 56
4742 57
4742 58
4742 59
4742 60
4742 61
4742 62
4742 63
4742 64
4742 65
4742 66
4742 67
4742 68
4742 69
4742 70
4742 71
4742 72
4742 73
4742 74
4742 75
4742 76
4742 77
4742 78
4742 79
4742 80
4742 81
4742 82
4742 83
4742 84
4742 85
4742 86
4742 87
4742 88
4743 0
4743 1
4743 2
4743 3
4743 4
4743 5
4743 6
4743 7
4743 8
4743 9
4743 10
4743 11
4743 12
4743 13
4743 14
4743 15
4743 16
4743 17
4743 18
4743 19
4743 20
4743 21
4743 22
4743 23
4743 24
4743 25
4743 26
4750 0
4750 1
4750 2
4750 3
4750 4
4750 5
4750 6
4750 7
4750 8
4750 9
4750 10
4750 11
4750 12
4750 13
4750 14
4750 15
4750 16
4750 17
4750 18
4750 19
4752 0
4752 1
4753 0
4753 1
4753 2
4753 3
4753 4
4753 5
4753 6
4753 7
4753 8
4753 9
4753 10
4753 11
4753 12
4753 13
4753 14
4753 15
4753 16
4753 17
4753 18
4753 19
4753 20
4753 21
4753 22
4753 23
4753 24
4755 0
4755 1
4755 2
4755 3
4755 4
4755 5
4755 6
4755 7
4755 8
4755 9
4755 10
4755 11
4755 12
4755 13
4755 14
4755 15
4755 16
4755 17
4755 18
4755 19
4755 20
4755 21
4755 22
4755 23
4755 24
4755 25
4755 26
4755 27
4755 28
4755 29
4755 30
4755 31
4755 32
4755 33
4755 34
4755 35
4755 36
4755 37
4755 38
4755 39
4755 40
4755 41
4755 42
4755 43
4755 44
4755 45
4755 46
4755 47
4755 48
4755 49
4755 50
4755 51
4755 52
4755 53
4755 54
4755 55
4755 56
4755 57
4755 58
4756 0
4756 1
4756 2
4756 3
4756 4
4756 5
4756 6
4756 7
4756 8
4756 9
4756 10
4756 11
4756 12
4756 13
4756 14
4756 15
4756 16
4756 17
4756 18
4756 19
4756 20
4756 21
4756 22
4756 23
4756 24
4756 25
4756 26
4756 27
4756 28
4756 29
4756 30
4756 31
4756 32
4756 33
4788 0
4788 1
4788 2
4788 3
4788 4
4788 5
4788 6
4788 7
4788 8
4788 9
4788 10
4788 11
4788 12
4788 13
4788 14
4788 15
4788 16
4788 17
4788 18
4788 19
4788 20
4788 21
4788 22
4788 23
4788 24
4788 25
4788 26
4788 27
4788 28
4788 29
4788 30
4788 31
4788 32
4788 33
4788 34
4788 35
4788 36
4788 37
4788 38
4788 39
4788 40
4788 41
4788 42
4789 0
4789 1
4789 2
4789 3
4789 4
4789 5
4789 6
4789 7
4789 8
4789 9
4789 10
4789 11
4789 12
4789 13
4789 14
4789 15
4789 16
4789 17
4789 18
4789 19
4789 20
4794 0
4794 1
4794 2
4794 3
4794 4
4794 5
4794 6
4794 7
4794 8
4794 9
4794 10
4794 11
4794 12
4794 13
4794 14
4794 15
4794 16
4794 17
4794 18
4794 19
4794 20
4794 21
4794 22
4794 23
4794 24
4794 25
4794 26
4794 27
4794 28
4794 29
4794 30
4794 31
4794 32
4794 33
4794 34
4794 35
4794 36
4794 37
4794 38
4794 39
4794 40
4794 41
4794 42
4794 43
4794 44
4794 45
4794 46
4794 47
4794 48
4794 49
4794 50
4794 51
4794 52
4794 53
4794 54
4794 55
4794 56
4794 57
4794 58
4794 59
4794 60
4794 61
4794 62
4794 63
4794 64
4794 65
4794 66
4794 67
4794 68
4794 69
4794 70
4794 71
4794 72
4794 73
4794 74
4794 75
4794 76
4794 77
4794 78
4795 0
4795 1
4795 2
4795 3
4795 4
4795 5
4795 6
4795 7
4795 8
4795 9
4795 10
4795 11
4795 12
4795 13
4795 14
4795 15
4795 16
4795 17
4795 18
4795 19
4795 20
4795 21
4795 22
4795 23
4795 24
4795 25
4795 26
4795 27
4795 28
4795 29
4795 30
4795 31
4795 32
4795 33
4795 34
4795 35
4795 36
4795 37
4795 38
4795 39
4795 40
4795 41
4795 42
4795 43
4795 44
4795 45
4795 46
4795 47
4795 48
4795 49
4795 50
4795 51
4795 52
4795 53
4795 54
4795 55
4795 56
4795 57
4795 58
4795 59
4795 60
4795 61
4795 62
4795 63
4795 64
4795 65
4795 66
4795 67
4795 68
4795 69
4795 70
4795 71
4795 72
4795 73
4795 74
4795 75
4795 76
4795 77
4795 78
4795 79
4795 80
4795 81
4795 82
4795 83
4795 84
4795 85
4795 86
4795 87
4795 88
4795 89
4795 90
4795 91
4795 92
4795 93
4795 94
4795 95
4795 96
4795 97
4795 98
4795 99
4795 100
4795 101
4795 102
4795 103
4795 104
4795 105
4795 106
4795 107
4795 108
4795 109
4795 110
4795 111
4795 112
4795 113
4795 114
4795 115
4795 116
4795 117
4795 118
4795 119
4795 120
4795 121
4795 122
4795 123
4795 124
4795 125
4795 126
4795 127
4795 128
4795 129
4795 130
4795 131
4795 132
4795 133
4795 134
4795 135
4796 0
4796 1
4796 2
4796 3
4796 4
4796 5
4798 0
4798 1
4798 2
4798 3
4798 4
4798 5
4798 6
4798 7
4798 8
4798 9
4798 10
4798 11
4798 12
4798 13
4798 14
4798 15
4798 16
4798 17
4798 18
4798 19
4799 0
4799 1
4799 2
4799 3
4799 4
4799 5
4799 6
4799 7
4799 8
4812 0
4812 1
4812 2
4812 3
4812 4
4812 5
4812 6
4812 7
4812 8
4812 9
4812 10
4812 11
4812 12
4812 13
4812 14
4812 15
4812 16
4812 17
4812 18
4812 19
4812 20
4812 21
4812 22
4812 23
4812 24
4812 25
4812 26
4812 27
4812 28
4812 29
4812 30
4812 31
4812 32
4812 33
4812 34
4812 35
4812 36
4812 37
4812 38
4812 39
4812 40
4812 41
4812 42
4812 43
4812 44
4812 45
4812 46
4812 47
4812 48
4812 49
4812 50
4812 51
4812 52
4812 53
4812 54
4812 55
4812 56
4812 57
4812 58
4812 59
4812 60
4812 61
4812 62
4812 63
4812 64
4812 65
4812 66
4812 67
4812 68
4812 69
4812 70
4812 71
4813 0
4813 1
4813 2
4813 3
4813 4
4813 5
4813 6
4813 7
4813 8
4813 9
4813 10
4813 11
4813 12
4813 13
4813 14
4813 15
4813 16
4813 17
4813 18
4813 19
4813 20
4813 21
4813 22
4813 23
4813 24
4813 25
4813 26
4813 27
4813 28
4813 29
4813 30
4813 31
4813 32
4813 33
4813 34
4813 35
4813 36
4813 37
4813 38
4813 39
4813 40
4813 41
4814 0
4814 1
4814 2
4814 3
4814 4
4814 5
4814 6
4814 7
4814 8
4814 9
4814 10
4814 11
4814 12
4814 13
4814 14
4814 15
4814 16
4814 17
4814 18
4814 19
4814 20
4814 21
4814 22
4814 23
4814 24
4814 25
4814 26
4814 27
4814 28
4814 29
4814 30
4814 31
4814 32
4814 33
4814 34
4814 35
4814 36
4814 37
4814 38
4814 39
4814 40
4814 41
4814 42
4814 43
4814 44
4814 45
4814 46
4814 47
4814 48
4814 49
4814 50
4814 51
4814 52
4814 53
4814 54
4814 55
4814 56
4814 57
4814 58
4814 59
4816 0
4816 1
4816 2
4816 3
4816 4
4816 5
4816 6
4816 7
4816 8
4817 0
4817 1
4817 2
4817 3
4817 4
4817 5
4818 0
4818 1
4818 2
4818 3
4818 4
4818 5
4818 6
4818 7
4818 8
4818 9
4818 10
4818 11
4818 12
4818 13
4818 14
4818 15
4818 16
4818 17
4818 18
4818 19
4818 20
4818 21
4818 22
4818 23
4818 24
4818 25
4818 26
4818 27
4818 28
4818 29
4818 30
4818 31
4818 32
4818 33
4819 0
4819 1
4819 2
4819 3
4819 4
4819 5
4819 6
4819 7
4979 0
4979 1
4979 2
4979 3
4979 4
4979 5
4979 6
4980 0
4980 1
4980 2
4980 3
4980 4
4980 5
4980 6
4980 7
4980 8
4980 9
4980 10
4980 11
4980 12
4980 13
4980 14
4980 15
4980 16
4980 17
4980 18
4980 19
4980 20
4989 0
4989 1
4989 2
4989 3
4989 4
4989 5
4989 6
4989 7
4989 8
4989 9
4989 10
4989 11
4989 12
4989 13
4989 14
4989 15
4989 16
4989 17
4989 18
4989 19
4989 20
4989 21
4989 22
4989 23
4989 24
4989 25
4989 26
4989 27
4989 28
4989 29
4989 30
4989 31
4989 32
4989 33
4989 34
4989 35
4989 36
4989 37
4989 38
4989 39
4989 40
4989 41
4989 42
4989 43
4990 0
4990 1
4990 2
4990 3
4990 4
4990 5
4990 6
4990 7
4990 8
4990 9
4990 10
4990 11
4990 12
4990 13
4990 14
4990 15
4990 16
4990 17
4990 18
4990 19
4990 20
4990 21
4990 22
4990 23
4990 24
4990 25
4990 26
4990 27
4990 28
4990 29
4990 30
4990 31
4990 32
4990 33
4990 34
4990 35
4990 36
4990 37
4990 38
4990 39
4990 40
4990 41
4990 42
4990 43
4990 44
4990 45
4990 46
4990 47
4990 48
4990 49
4990 50
4990 51
4990 52
4990 53
4990 54
4990 55
4990 56
4990 57
4990 58
4990 59
4990 60
4990 61
4990 62
4990 63
4990 64
4990 65
4990 66
4990 67
4990 68
4990 69
4990 70
4990 71
4990 72
4990 73
4990 74
4990 75
4990 76
4990 77
4990 78
4990 79
4990 80
4990 81
4990 82
4990 83
4990 84
