6462 11
6462 12
6462 13
6462 14
6462 15
6462 16
6462 17
6462 18
6462 19
6462 20
6462 21
6462 22
6462 23
6462 24
6462 25
6462 26
6462 27
6462 28
6462 29
6462 30
6462 31
6462 32
6462 33
6462 34
6462 35
6462 36
6462 37
6462 38
6462 39
6462 40
6462 41
6462 42
6462 43
6462 44
6462 45
6462 46
6462 47
6462 48
6462 50
6462 51
6462 52
6462 53
6462 54
6462 55
6462 56
6462 57
6462 58
6462 59
6462 60
6462 61
6463 0
6463 1
6463 2
6463 3
6463 4
6463 5
6463 6
6463 7
6463 8
6463 9
6463 10
6463 11
6463 12
6463 14
6466 0
6466 1
6466 2
6466 3
6466 4
6466 5
6466 6
6466 7
6466 8
6466 9
6466 10
6466 11
6466 12
6466 13
6466 14
6466 15
6466 16
6466 17
6466 18
6466 19
6466 20
6466 21
6466 22
6466 23
6466 24
6466 25
6466 26
6466 27
6466 28
6466 29
6466 30
6466 31
6466 32
6466 33
6466 34
6466 35
6466 36
6466 37
6466 38
6466 39
6466 40
6466 41
6466 42
6466 43
6466 44
6466 45
6466 46
6466 47
6466 48
6466 49
6466 50
6466 51
6466 52
6466 53
6466 54
6466 55
6466 56
6466 57
6466 58
6466 59
6467 1
6467 2
6467 3
6467 4
6467 5
6467 6
6467 7
6467 8
6467 9
6467 10
6467 11
6467 12
6467 13
6467 14
6467 15
6467 16
6467 17
6468 0
6468 1
6468 2
6468 3
6468 4
6468 5
6468 6
6468 7
6468 8
6468 9
6468 10
6468 11
6468 12
6468 13
6468 14
6468 15
6468 16
6469 0
6469 1
6469 2
6469 3
6469 4
6469 5
6469 6
6469 7
6469 8
6469 9
6469 10
6469 11
6469 12
6469 13
6469 14
6469 15
6469 16
6469 17
6469 18
6469 19
6469 20
6469 21
6469 22
6469 23
6469 24
6469 25
6469 26
6469 27
6469 28
6469 29
6470 14
6470 15
6470 16
6470 17
6470 18
6470 19
6470 20
6470 21
6470 22
6470 23
6470 24
6471 0
6471 1
6471 2
6471 3
6471 4
6472 0
6472 1
6472 2
6472 3
6472 4
6472 5
6472 6
6472 7
6472 8
6472 9
6472 10
6472 11
6472 12
6472 13
6472 14
6472 15
6472 16
6472 17
6472 18
6472 19
6473 0
6473 1
6473 5
6473 6
6473 7
6473 8
6473 9
6473 10
6473 11
6473 12
6473 13
6473 14
6473 15
6473 16
6473 17
6473 18
6473 19
6473 20
6473 21
6473 22
6473 23
6473 24
6473 25
6473 26
6473 27
6473 28
6473 29
6473 30
6473 31
6473 32
6473 33
6473 34
6473 35
6473 36
6473 37
6473 38
6473 39
6473 40
6473 41
6473 42
6473 43
6473 44
6473 45
6473 46
6473 47
6473 48
6473 49
6474 0
6474 1
6474 2
6474 3
6474 4
6474 5
6474 6
6474 7
6474 8
6474 9
6474 10
6474 11
6474 12
6474 13
6474 14
6474 15
6474 16
6474 17
6474 18
6474 19
6474 20
6474 21
6474 22
6474 23
6474 24
6474 25
6474 26
6474 27
6474 28
6474 29
6474 30
6474 31
6474 32
6475 0
6475 1
6475 2
6475 3
6475 4
6475 5
6475 6
6475 7
6475 8
6475 9
6475 10
6475 11
6475 12
6475 13
6475 14
6475 15
6475 16
6475 17
6475 18
6475 19
6475 20
6475 21
6475 22
6475 23
6475 24
6475 25
6475 26
6475 27
6475 28
6475 29
6475 30
6475 31
6475 32
6476 2
6476 3
6476 4
6476 5
6476 6
6476 7
6476 8
6476 9
6476 10
6476 11
6476 12
6476 13
6476 14
6476 15
6477 0
6477 1
6477 2
6477 3
6477 4
6477 5
6477 6
6477 7
6477 8
6477 9
6477 10
6477 11
6477 12
6477 13
6477 14
6477 15
6477 16
6477 17
6478 0
6478 1
6478 2
6478 3
6478 4
6478 5
6478 7
6478 8
6478 9
6478 10
6478 11
6478 12
6478 13
6478 14
6478 15
6478 16
6478 17
6478 18
6478 19
6478 20
6478 21
6478 22
6479 0
6479 1
6479 2
6479 3
6479 4
6479 5
6479 6
6479 7
6479 8
6479 9
6479 10
6479 11
6479 12
6479 13
6479 14
6479 15
6479 16
6479 17
6479 18
6479 19
6479 20
6479 21
6479 22
6479 23
6479 24
6479 25
6479 26
6479 27
6479 28
6479 29
6479 30
6479 31
6479 32
6479 33
6479 34
6479 35
6479 37
6479 38
6479 39
6479 40
6479 41
6479 42
6479 43
6479 44
6479 45
6479 46
6479 47
6479 48
6479 49
6479 50
6479 51
6479 52
6479 53
6479 54
6479 55
6479 56
6479 57
6479 58
6549 16
6549 17
6549 18
6549 19
6549 20
6549 21
6549 22
6549 23
6549 24
6549 25
6549 26
6550 0
6550 1
6550 2
6550 3
6550 4
6550 5
6550 6
6550 7
6550 8
6550 9
6550 10
6550 11
6550 12
6550 13
6550 14
6550 15
6550 16
6550 17
6550 18
6550 19
6550 20
6550 21
6550 22
6550 23
6551 0
6551 1
6551 2
6551 3
6551 4
6551 5
6551 6
6551 7
6551 8
6552 0
6552 1
6552 2
6552 3
6552 4
6552 5
6552 6
6552 7
6552 8
6552 9
6552 10
6552 11
6552 12
6552 13
6552 14
6552 15
6552 16
6552 17
6552 18
6552 19
6552 20
6552 21
6552 22
6552 23
6552 24
6552 25
6552 26
6701 0
6701 1
6701 2
6706 0
6706 1
6706 2
6706 3
6706 4
6706 5
6706 6
6706 7
6708 0
6708 1
6708 2
6708 3
6708 4
6710 0
6710 1
6710 2
6710 3
6710 4
6710 5
6710 6
6710 7
6710 8
6710 9
6710 10
6713 0
6713 1
6713 2
6713 3
6713 4
6713 5
6713 6
6713 7
6713 8
6713 9
6713 10
6713 11
6713 12
6713 13
6713 14
6713 15
6713 16
6713 17
6713 18
6713 19
6713 20
6713 21
6713 22
6713 23
6744 4
6744 6
6744 7
6744 8
6744 9
6746 0
6746 1
6746 2
6746 3
6746 4
6746 5
6746 6
6746 7
6746 8
6746 9
6746 10
6752 0
6752 1
6752 2
6752 3
6752 4
6752 5
6754 0
6754 1
6754 2
6754 3
6754 4
6754 5
6754 6
6754 7
6754 8
6754 9
6754 10
6754 11
6754 12
6754 13
6754 14
6754 15
6754 16
6754 17
6754 18
6754 19
6754 20
6754 21
6754 22
6754 23
6754 24
6754 25
6754 26
6754 27
6754 28
6754 29
6754 30
6754 31
6754 32
6754 33
6754 34
6754 35
6754 36
6754 37
6756 0
6756 1
6756 2
6756 3
6756 4
6779 0
6779 1
6779 2
6779 3
6779 4
6779 5
6779 6
6779 7
6779 8
6779 9
6779 10
6779 11
6779 12
6779 13
6779 14
6779 15
6779 16
6779 17
6779 18
6779 19
6779 20
6779 21
6779 22
6779 23
6779 24
6784 0
6784 1
6784 2
6784 3
6784 4
6784 5
6784 6
6784 7
6784 8
6784 9
6784 10
6784 11
6784 12
6784 13
6784 14
6784 15
6784 16
6784 17
6784 18
6784 19
6784 20
6784 21
6784 22
6784 23
6784 24
6784 25
6784 26
6784 27
6784 28
6784 29
6784 30
6784 31
6784 32
6784 33
6784 34
6784 35
6786 0
6786 1
6786 2
6786 3
6786 4
6786 5
6786 6
6786 7
6786 8
6786 9
6786 10
6786 11
6786 12
6786 13
6786 14
6786 15
6786 16
6786 17
6786 18
6786 19
6786 20
6786 21
6786 22
6786 23
6786 24
6787 0
6787 1
6787 2
6787 3
6787 4
6787 5
6787 6
6787 7
6787 8
6787 9
6787 10
6787 11
6787 12
6787 13
6787 14
6787 15
6787 16
6787 17
6787 18
6787 19
6787 20
6787 21
6787 22
6787 23
6787 24
6787 25
6787 26
6787 27
6787 28
6787 29
6787 30
6787 31
6787 32
6787 33
6787 34
6787 35
6787 36
6787 37
6787 38
6787 39
6787 40
6787 41
6787 42
6787 43
6787 44
6787 45
6787 46
6787 47
6787 48
6787 49
6787 50
6787 51
6787 52
6787 53
6787 54
6787 55
6787 56
6787 57
6790 0
6790 1
6790 2
6790 3
6790 4
6792 0
6792 1
6792 2
6792 3
6792 4
6792 5
6792 6
6792 7
6793 0
6793 1
6793 2
6793 3
6793 4
6793 5
6793 6
6793 7
6793 8
6793 9
6793 10
6794 0
6794 1
6794 2
6794 3
6794 4
6794 5
6795 0
6795 1
6795 2
6795 3
6795 4
6795 5
6795 6
6795 7
6795 8
6795 9
6795 10
6795 11
6795 12
6795 13
6795 14
6795 15
6795 16
6795 17
6795 18
6796 0
6796 1
6796 2
6796 3
6796 4
6796 5
6796 6
6796 7
6796 8
6796 9
6796 10
6796 11
6796 12
6796 13
6800 0
6800 1
6800 2
6800 3
6800 4
6801 0
6801 1
6801 2
6803 0
6803 3
6804 0
6804 1
6804 2
6804 3
6804 4
6804 5
6804 6
6804 7
6806 0
6806 1
6807 0
6809 0
6809 1
6809 2
6809 3
6809 4
6810 0
6810 1
6810 2
6810 3
6810 4
6811 0
6812 0
6812 1
6812 2
6812 3
6812 4
6814 0
6814 1
6814 2
6814 3
6814 4
6814 5
6815 0
6815 1
6815 2
6815 3
6815 4
6815 5
6815 6
6815 7
6816 0
6816 1
6816 2
6816 3
6816 4
6818 0
6829 27
6829 28
6829 29
6829 30
6829 31
6829 32
6829 33
6829 34
6829 35
6829 36
6829 37
6829 38
6829 39
6829 40
6829 41
6829 42
6829 43
6829 44
6829 45
6829 46
6829 55
6829 56
6829 57
6829 58
6829 59
6829 60
6829 61
6829 62
6829 63
6829 64
6829 65
6829 66
6829 67
6829 68
6829 69
6829 70
6829 71
6829 72
6829 73
6829 74
6829 75
6829 76
6829 77
6829 78
6829 79
6829 80
6829 81
6829 82
6829 83
6829 84
6829 85
6829 86
6829 87
6829 88
6829 89
6829 90
6829 91
6829 92
6829 93
6829 94
6829 95
6829 96
6829 97
6829 98
6829 99
6829 100
6829 101
6829 102
6829 103
6829 104
6829 105
6829 106
6829 107
6829 108
6829 109
6829 121
6829 122
6829 123
6829 124
6829 125
6829 126
6829 127
6829 128
6829 129
6829 130
6829 131
6829 132
6829 133
6829 134
6829 135
6829 136
6829 137
6829 138
6829 139
6829 140
6829 141
6829 142
6829 143
6829 144
6829 145
6829 146
6829 147
6829 148
6829 149
6829 150
6829 151
6829 152
6829 153
6829 154
6829 155
6829 156
6829 157
6829 158
6829 159
6829 160
6829 161
6829 162
6829 163
6829 164
6829 165
6829 166
6829 167
6829 168
6829 169
6829 170
6829 171
6829 172
6829 173
6829 174
6829 175
6829 176
6829 177
6829 178
6829 179
6829 180
6829 181
6829 182
6829 183
6829 184
6829 185
6829 186
6829 187
6829 188
6829 189
6829 190
6829 191
6829 192
6829 193
6829 194
6829 195
6829 196
6829 197
6829 198
6829 199
6829 200
6829 201
6829 202
6829 203
6829 204
6829 205
6829 206
6829 207
6829 208
6829 209
6829 210
6829 211
6829 212
6829 213
6829 214
6829 215
6829 216
6829 217
6829 218
6829 219
6829 220
6829 221
6830 0
6830 1
6830 2
6830 3
6830 4
6830 5
6830 6
6830 7
6830 8
6830 9
6830 10
6830 11
6830 12
6830 13
6830 14
6830 15
6830 16
6830 17
6830 18
6830 19
6830 20
6830 21
6830 22
6830 23
6830 24
6830 25
6830 26
6830 27
6830 28
6830 29
6830 30
6830 31
6830 32
6830 33
6830 34
6830 35
6830 36
6830 37
6830 38
6830 39
6830 40
6830 41
6830 42
6830 43
6830 44
6830 45
6830 46
6830 47
6830 48
6830 49
6830 50
6830 51
6830 52
6830 53
6830 54
6830 55
6830 56
6830 57
6830 58
6830 59
6830 60
6830 61
6830 62
6832 0
6832 1
6832 2
6833 0
6833 1
6833 2
6833 3
6833 4
6833 5
6833 6
6833 7
6833 8
6833 9
6833 10
6833 11
6833 12
6833 13
6833 14
6833 15
6833 16
6833 17
6833 18
6833 19
6833 20
6833 21
6833 22
6833 23
6833 24
6833 25
6833 26
6833 27
6833 28
6833 29
6833 30
6833 31
6833 32
6833 33
6833 34
6833 35
6833 36
6833 37
6833 38
6833 39
6833 40
6833 41
6833 42
6833 43
6833 44
6833 45
6833 46
6833 47
6833 48
6833 49
6833 50
6833 51
6833 52
6833 53
6833 54
6833 55
6833 57
6833 58
6833 59
6833 63
6833 64
6833 65
6833 66
6833 67
6833 68
6833 69
6833 70
6833 71
6833 72
6833 73
6833 74
6833 75
6833 76
6833 77
6833 78
6833 79
6833 80
6833 81
6833 82
6833 83
6833 84
6833 85
6833 86
6833 87
6833 88
6833 89
6833 90
6833 91
6833 95
6833 96
6833 97
6833 98
6833 99
6833 100
6833 101
6833 102
6833 103
6833 104
6833 105
6833 106
6833 107
6833 108
6833 109
6833 110
6833 111
6833 112
6833 113
6833 114
6833 115
6833 116
6833 117
6833 118
6833 119
6833 120
6833 121
6833 122
6833 123
6833 124
6833 125
6833 126
6833 127
6833 128
6833 129
6833 130
6833 131
6833 132
6833 133
6833 134
6833 135
6833 136
6833 137
6833 138
6833 139
6833 140
6833 141
6833 142
6833 143
6833 144
6833 145
6833 146
6833 147
6834 0
6834 1
6834 2
6834 3
6834 4
6834 5
6834 6
6834 7
6834 8
6834 9
6834 10
6834 11
6834 12
6834 13
6834 14
6834 15
6834 16
6834 17
6834 18
6834 19
6834 20
6834 21
6834 22
6834 23
6834 24
6834 25
6834 26
6834 27
6834 28
6834 29
6834 30
6834 31
6838 0
6838 1
6838 2
6838 3
6838 4
6838 5
6838 6
6838 7
6838 8
6838 9
6838 10
6838 11
6838 12
6838 13
6838 14
6838 15
6838 16
6838 17
6838 18
6838 19
6838 20
6838 21
6838 22
6838 23
6838 24
6838 25
6838 26
6838 27
6838 28
6838 29
6838 30
6838 31
6838 32
6838 33
6838 34
6838 35
6838 36
6838 37
6838 38
6838 39
6838 40
6838 41
6838 42
6838 43
6838 44
6839 0
6839 1
6839 2
6839 3
6839 4
6839 5
6839 6
6839 7
6839 8
6839 9
6839 10
6839 11
6839 12
6839 13
6839 14
6839 15
6839 16
6839 17
6839 18
6839 19
6839 20
6839 21
6839 22
6839 23
6839 24
6839 25
6839 26
6839 27
6839 28
6839 29
6839 30
6839 31
6839 32
6839 33
6839 34
6839 35
6839 36
6839 37
6839 38
6839 39
6839 40
6839 41
6839 42
6839 89
6839 90
6839 91
6839 92
6839 93
6839 97
6839 98
6839 99
6839 100
6839 101
6839 102
6839 108
6839 109
6839 110
6839 111
6839 112
6839 113
6839 114
6839 115
6839 116
6839 117
6839 118
6839 119
6839 120
6839 121
6839 122
6839 123
6839 124
6839 125
6839 126
6854 0
6854 1
6854 2
6854 3
6854 4
6854 5
6854 6
6854 7
6854 8
6870 10
6870 11
6870 13
6870 14
6870 15
6870 16
6870 17
6870 18
6870 19
6870 20
6870 21
6870 22
6870 23
6870 24
6870 25
6870 26
6870 27
6870 28
6870 29
6870 30
6870 34
6870 35
6870 36
6870 37
6870 38
6870 39
6870 40
6870 41
6870 42
6870 43
6870 44
6870 45
6870 46
6870 47
6870 48
6870 49
6870 50
6870 51
6870 52
6870 53
6870 54
6870 55
6870 56
6870 57
6870 58
6870 60
6870 61
6870 62
6870 63
6906 0
6906 1
6906 2
6906 3
6906 4
6906 5
6906 6
6906 7
6906 8
6906 9
6906 10
6906 11
6906 12
6906 13
6906 14
6906 15
6906 16
6906 17
6906 18
6906 19
6906 20
6906 21
6906 22
6906 23
6906 24
6906 25
6906 26
6906 27
6906 28
6906 29
6906 30
6906 31
6906 32
6906 33
6906 34
6906 35
6906 36
6909 0
6909 1
6909 2
6909 3
6909 4
6909 5
6909 6
6909 7
6909 8
6909 9
6909 10
6909 11
6909 12
6909 13
6909 14
6909 15
6909 16
6909 17
6909 18
6909 19
6909 20
6909 21
6909 22
6909 23
6909 24
6909 25
6909 26
6909 27
6909 28
6909 29
6909 30
6909 31
6909 32
6909 33
6909 34
6909 35
6909 36
6909 37
6909 38
6909 39
6909 40
6909 41
6909 42
6909 43
6909 44
6909 45
6909 46
6909 47
6909 48
6909 49
6909 50
6909 51
6909 52
6909 53
6909 54
6909 55
6909 56
6909 57
6909 58
6909 59
6909 60
6909 61
6909 62
6909 63
6909 64
6909 65
6909 66
6909 67
6909 68
6909 69
6909 70
6909 71
6909 72
6909 73
6909 74
6909 75
6909 76
6909 77
6909 78
6909 79
6909 80
6909 81
6909 82
6909 83
6909 84
6909 85
6909 86
6909 87
6909 88
6909 89
6909 90
6909 91
6909 92
6909 93
6909 94
6909 95
6909 96
6909 97
6909 98
6909 99
6909 100
6909 101
6909 102
6909 103
6909 104
6909 105
6909 106
6909 107
6909 108
6909 109
6909 110
6909 111
6909 112
6909 113
6909 114
6909 115
6909 116
6909 117
6909 118
6909 119
6909 120
6909 121
6910 0
6910 1
6910 2
6910 3
6910 4
6910 5
6910 6
6910 7
6910 8
6910 9
6910 10
6910 11
6910 12
6911 0
6911 1
6911 2
6911 3
6911 4
6911 5
6911 6
6911 7
6911 8
6911 9
6911 10
6911 11
6911 12
6911 13
6911 14
6911 15
6911 16
6911 17
6911 18
6911 19
6911 20
6911 21
6911 22
6911 23
6911 24
6911 25
6911 26
6912 0
6912 1
6912 2
6912 3
6912 4
6912 5
6912 6
6912 7
6912 8
6912 9
6912 10
6912 11
6913 0
6913 1
6913 2
6913 3
6913 4
6913 5
6913 6
6913 7
6913 8
6913 9
6913 10
6913 11
6913 12
6913 13
6913 14
6913 15
6913 16
6913 17
6913 18
6913 19
6913 20
6913 21
6913 22
6913 23
6913 24
6913 25
6913 26
6913 27
6913 28
6913 29
6913 30
6913 31
6913 32
6913 33
6913 34
6913 35
6913 36
6913 37
6913 38
6913 39
6913 40
6913 41
6913 42
6913 43
6913 44
6913 45
6913 46
6913 47
6913 48
6913 49
6913 50
6913 51
6913 52
6913 53
6913 54
6913 55
6913 56
6913 57
6913 58
6913 59
6913 60
6913 61
6913 62
6913 63
6913 64
6913 65
6913 66
6913 67
6913 68
6913 69
6913 70
6913 71
6913 72
6913 73
6913 74
6913 75
6913 76
6913 77
6913 78
6913 79
6913 80
6913 81
6913 82
6913 83
6913 84
6913 85
6913 86
6913 87
6913 88
6913 89
6913 90
6913 91
6913 92
6913 93
6913 94
6913 95
6913 96
6913 97
6913 98
6913 99
6913 100
6913 101
6913 102
6913 103
6914 0
6914 1
6914 2
6914 3
6914 4
6914 5
6914 6
6914 7
6914 8
6914 9
6914 10
6914 11
6914 12
6914 13
6914 14
6914 15
6914 16
6914 17
6914 18
6914 19
6914 20
6914 21
6914 22
6914 23
6914 24
6914 25
6914 26
6914 27
6914 28
6914 29
6914 30
6914 31
6914 32
6914 33
6914 34
6914 35
6914 36
6914 37
6914 38
6914 39
6914 40
6914 41
6914 42
6914 43
6914 44
6914 45
6914 46
6914 47
6914 48
6914 49
6914 50
6914 51
6914 52
6914 53
6914 54
6915 0
6915 1
6915 2
6915 3
6915 4
6915 5
6915 6
6916 0
6916 1
6916 2
6916 3
6916 4
6916 5
6916 6
6916 7
6916 8
6916 9
6916 10
6916 11
6916 12
6916 13
6916 14
6916 15
6916 16
6916 17
6916 18
6916 19
6916 20
6916 21
6916 22
6916 23
6916 24
6916 25
6916 26
6916 27
6916 28
6916 29
6916 30
6916 31
6924 10
6924 11
6924 12
6924 13
6924 14
6924 15
6924 16
6924 17
6924 18
6924 19
6924 20
6924 21
6924 22
6924 23
6924 24
6924 25
6924 26
6924 27
6924 28
6924 29
6924 30
6924 31
6924 32
6924 33
6924 34
6924 35
6924 36
6924 37
6924 38
6924 39
6924 40
6924 41
6924 42
6924 43
6924 44
6924 45
6924 46
6924 47
6925 8
6925 9
6925 10
6925 11
6925 12
6925 13
6925 14
6925 15
6925 16
6925 17
6925 18
6925 19
6925 20
6925 21
6925 22
6925 23
6925 24
6925 25
6926 0
6926 1
6926 2
6926 3
6926 4
6926 5
6926 6
6926 7
6926 8
6926 9
6926 10
6926 11
6926 12
6926 13
6926 14
6926 15
6926 16
6926 17
6926 18
6927 0
6927 1
6927 2
6927 3
6927 4
6929 0
6929 1
6929 2
6929 3
6929 4
6929 5
6929 6
6929 7
6929 8
6929 9
6929 10
6930 0
6930 1
6930 2
6930 3
6930 4
6930 5
6930 6
6930 7
6930 8
6930 9
6930 10
6930 11
6930 12
6930 13
6930 14
6930 15
6930 16
6930 17
6930 18
6930 19
6930 20
6930 21
6930 22
6930 23
6930 24
6930 25
6930 26
6930 27
6930 28
6930 29
6930 30
6930 31
6930 32
6930 33
6930 34
6930 35
6930 36
6930 37
6930 38
6930 39
6930 40
6930 41
6930 42
6930 43
6930 44
6930 45
6930 46
6930 47
6930 48
6930 49
6930 50
6931 0
6931 1
6931 2
6931 3
6931 4
6931 5
6931 6
6931 7
6931 8
6931 9
6931 10
6931 11
6931 12
6931 13
6931 14
6931 15
6931 16
6931 17
6931 18
6932 0
6932 1
6932 2
6932 3
6932 4
6932 5
6932 6
6932 7
6932 8
6932 9
6932 10
6932 11
6932 12
6932 13
6932 14
6932 15
6932 16
6932 17
6932 18
6932 19
6932 20
6932 21
6932 22
6932 23
6932 24
6932 25
6932 26
6932 27
6932 28
6932 29
6932 30
6932 31
6932 32
6932 33
6932 34
6932 35
6932 36
6932 37
6932 38
6932 39
6932 40
6932 41
6932 42
6932 43
6932 44
6932 45
6932 46
6932 47
6932 48
6932 49
6932 50
6932 51
6932 52
6932 53
6932 54
6932 55
6932 56
6932 57
6932 58
6932 59
6932 60
6932 61
6932 62
6932 63
6932 64
6932 65
6932 66
6932 67
6932 68
6932 69
6935 0
6935 1
6935 2
6935 3
6935 4
6935 5
6935 6
6935 7
6935 8
6935 9
6935 10
6935 11
6935 12
6935 13
6935 14
6935 15
6935 16
6935 17
6935 18
6935 19
6935 20
6935 21
6935 22
6935 23
6935 24
6935 25
6935 26
6935 27
6935 28
6935 29
6935 30
6935 31
6935 32
6935 33
6935 34
6935 35
6935 36
6935 37
6935 38
6935 39
6935 40
6935 41
6935 42
6935 43
6935 44
6935 45
6944 15
6944 16
6944 17
6944 18
6944 19
6944 20
6944 21
6944 22
6944 23
6944 24
6944 25
6944 26
6944 27
6944 28
6944 29
6944 30
6944 31
6944 32
6944 33
6944 34
6944 36
6944 37
6944 41
6944 42
6944 43
6944 44
6944 45
6944 46
6944 47
6945 0
6945 1
6945 2
6945 3
6945 4
6945 5
6945 6
6945 7
6945 8
6945 9
6945 10
6945 11
6945 12
6945 13
6945 14
6945 15
6945 16
6945 17
6945 18
6945 19
6945 20
6945 21
6945 22
6945 23
6945 24
6945 25
6945 26
6945 27
6945 28
6945 29
6945 30
6945 31
6945 32
6945 33
6945 34
6945 35
6945 36
6945 37
6945 38
6945 39
6945 40
6945 41
6945 42
6945 43
6945 44
6945 45
6945 46
6945 47
6945 48
6945 49
6945 50
6945 51
6945 52
6945 53
6945 54
6945 55
6945 56
6945 57
6945 58
6945 59
6945 60
6945 61
6945 62
6945 63
6945 64
6945 65
6945 66
6945 67
6945 68
6945 69
6945 70
6945 71
6945 72
6945 73
6945 74
6945 75
6945 76
6945 77
6945 78
6945 79
6945 80
6945 81
6945 82
6945 83
6945 84
6945 85
6945 86
6945 87
6945 88
6945 95
6945 96
6945 97
6945 98
6945 99
6945 100
6945 101
6945 102
6945 103
6945 104
6945 105
6945 106
6945 107
6945 108
6945 109
6945 110
6945 111
6945 112
6945 113
6945 114
6945 115
6945 116
6945 117
6945 118
6945 119
6945 120
6945 121
6945 122
6945 123
6945 124
6945 125
6945 126
6945 127
6945 128
6945 129
6945 130
6945 131
6945 132
6945 133
6945 134
6945 135
6945 136
6945 137
6945 138
6945 139
6945 140
6945 141
6945 142
6945 143
6945 144
6945 145
6945 146
6945 147
6945 148
6945 149
6945 150
6945 151
6945 152
6945 153
6945 154
6945 155
6945 156
6945 157
6945 158
6945 159
6945 160
6945 161
6945 162
6945 163
6945 164
6945 165
6945 166
6945 167
6945 168
6945 169
6945 170
6945 171
6945 172
6945 173
6945 174
6945 175
6945 176
6945 177
6945 178
6945 179
6945 180
6945 181
6945 182
6945 183
6945 184
6945 185
6945 186
6945 187
6945 188
6945 189
6945 190
6945 191
6945 192
6945 193
6945 194
6945 195
6945 196
6945 197
6945 198
6945 199
6945 200
6945 201
6945 202
6945 203
6945 204
6945 205
6945 206
6945 207
6945 208
6945 209
6945 210
6945 211
6945 212
6945 213
6945 214
6945 215
6945 216
6945 217
6945 218
6945 219
6945 220
6945 221
6945 222
6945 223
6945 224
6945 225
6945 226
6945 227
6945 228
6945 229
6945 230
6945 231
6945 232
6945 233
6945 234
6945 235
6945 236
6945 237
6945 238
6945 239
6945 240
6945 241
6945 242
6945 243
6945 244
6945 245
6945 246
6945 247
6945 248
6945 249
6945 250
6946 0
6947 0
6947 1
6947 2
6947 3
6947 4
6947 5
6947 6
6947 7
6947 8
6947 9
6947 10
6947 11
6947 12
6947 13
6947 14
6947 15
6947 16
6947 17
6947 18
6947 19
6947 20
6947 21
6947 22
6947 23
6947 24
6947 25
6947 26
6947 27
6947 28
6947 29
6947 30
6947 31
6947 32
6947 33
6958 1
6958 2
6958 3
6958 4
6958 5
6958 6
6958 7
6958 8
6958 9
6958 10
6958 11
6958 12
6958 13
6958 14
6958 15
6958 16
6958 17
6958 18
6958 19
6958 20
6958 21
6958 22
6958 23
6958 24
6958 25
6958 26
6958 27
6958 28
6958 29
6958 30
6958 31
6958 32
6958 33
6958 34
6958 35
6958 36
6958 37
6958 38
6958 39
6959 0
6959 1
6959 2
6959 3
6959 4
6959 5
6959 6
6959 7
6959 8
6959 9
6959 10
6959 11
6959 12
6959 13
6959 14
6959 15
6959 16
6959 17
6964 18
6964 19
6964 20
6964 21
6964 22
6964 23
6964 24
6964 25
6964 26
6964 27
6964 28
6964 29
6964 30
6964 31
6964 32
6964 33
6964 34
6964 35
6964 36
6964 37
6964 38
6964 39
6964 40
6964 41
6964 42
6964 43
6964 44
6964 45
6964 46
6964 47
6964 48
6964 49
6964 50
6964 51
6964 52
6964 53
6964 54
6964 55
6964 56
6964 57
6964 58
6964 59
6964 60
6964 61
6964 62
6964 63
6964 64
6964 65
6964 66
6964 67
6964 68
6964 69
6964 70
6964 71
6964 72
6964 73
6964 74
6964 75
6964 76
6964 77
6964 78
6964 79
6964 80
6964 81
6964 82
6964 83
6964 84
6964 85
6964 86
6964 87
6964 88
6964 89
6964 90
6964 91
6964 92
6964 93
6964 94
6964 95
6964 96
6964 97
6964 98
6964 99
6964 100
6964 101
6964 102
6964 103
6964 104
6964 105
6964 106
6964 107
6964 108
6964 109
6964 110
6964 111
6964 112
6964 113
6964 114
6964 115
6964 116
6964 117
6964 118
6964 119
6964 120
6964 121
6964 122
6964 123
6964 124
6964 125
6964 126
6964 127
6964 128
6964 129
6964 130
6964 131
6964 132
6964 133
6964 134
6964 135
6964 136
6964 137
6964 138
6964 139
6964 140
6964 141
6964 142
6964 143
6964 144
6964 145
6964 146
6964 147
6964 148
6964 149
6964 150
6964 151
6964 152
6964 153
6964 154
6964 155
6964 156
6964 157
6964 158
6964 159
6964 160
6964 161
6964 162
6964 163
6964 164
6964 165
6964 166
6964 167
6964 168
6964 169
6964 170
6964 171
6965 0
6965 1
6965 2
6965 3
6965 4
6965 5
6965 6
6965 7
6965 8
6965 9
6965 10
6965 11
6965 12
6965 13
6965 14
6965 15
6965 16
6965 17
6965 18
6965 19
6965 20
6965 21
6965 22
6965 23
6965 24
6965 25
6965 26
6965 27
6965 28
6965 29
6965 30
6965 31
6965 32
6965 33
6965 34
6965 35
6965 36
6965 37
6965 38
6965 39
6965 42
6965 43
6965 44
6965 45
6965 46
6965 47
6965 48
6965 49
6965 50
6965 51
6965 52
6965 53
6965 54
6965 55
6965 56
6965 57
6965 58
6965 59
6965 60
6965 61
6965 62
6965 63
6965 64
6965 65
6965 66
6965 67
6965 68
6965 69
6965 70
6965 71
6965 72
6965 73
6965 74
6965 75
6965 76
6965 77
6965 78
6965 79
6965 80
6965 81
6965 82
6965 83
6965 84
6965 85
6965 86
6965 87
6965 88
6965 89
6965 90
6965 91
6965 92
6965 93
6965 94
6965 95
6965 96
6965 97
6965 98
6965 99
6965 100
6965 101
6965 102
6965 103
6965 104
6965 105
6965 106
6965 107
6965 108
6965 109
6965 110
6965 111
6965 112
6965 113
6965 114
6965 115
6965 116
6965 117
6965 118
6965 119
6965 120
6965 121
6965 122
6965 123
6965 124
6965 125
6965 126
6965 127
6965 128
6965 129
6965 130
6965 131
6965 132
6965 133
