6462 11
6462 21
6462 31
6462 41
6462 52
6463 1
6463 11
6466 8
6466 18
6466 28
6466 38
6466 48
6466 58
6467 9
6468 2
6468 12
6469 6
6469 16
6469 26
6470 20
6472 2
6472 12
6473 6
6473 16
6473 26
6473 36
6473 46
6474 7
6474 17
6474 27
6475 5
6475 15
6475 25
6476 4
6476 14
6477 9
6478 2
6478 13
6479 1
6479 11
6479 21
6479 31
6479 42
6479 52
6549 19
6550 3
6550 13
6550 23
6552 2
6552 12
6552 22
6706 4
6710 3
6713 3
6713 13
6713 23
6746 5
6752 5
6754 10
6754 20
6754 30
6756 3
6779 9
6779 19
6784 5
6784 15
6784 25
6784 35
6786 10
6786 20
6787 6
6787 16
6787 26
6787 36
6787 46
6787 56
6792 5
6793 8
6795 3
6795 13
6796 5
6800 2
6804 5
6810 3
6814 5
6816 3
6829 35
6829 45
6829 63
6829 73
6829 83
6829 93
6829 103
6829 124
6829 134
6829 144
6829 154
6829 164
6829 174
6829 184
6829 194
6829 204
6829 214
6830 3
6830 13
6830 23
6830 33
6830 43
6830 53
6832 1
6833 9
6833 19
6833 29
6833 39
6833 49
6833 63
6833 73
6833 83
6833 96
6833 106
6833 116
6833 126
6833 136
6833 146
6834 9
6834 19
6834 29
6838 8
6838 18
6838 28
6838 38
6839 4
6839 14
6839 24
6839 34
6839 90
6839 108
6839 118
6854 2
6870 14
6870 24
6870 37
6870 47
6870 57
6906 5
6906 15
6906 25
6906 35
6909 9
6909 19
6909 29
6909 39
6909 49
6909 59
6909 69
6909 79
6909 89
6909 99
6909 109
6909 119
6910 8
6911 6
6911 16
6911 26
6912 10
6913 9
6913 19
6913 29
6913 39
6913 49
6913 59
6913 69
6913 79
6913 89
6913 99
6914 6
6914 16
6914 26
6914 36
6914 46
6915 2
6916 6
6916 16
6916 26
6924 14
6924 24
6924 34
6924 44
6925 14
6925 24
6926 9
6927 1
6929 7
6930 7
6930 17
6930 27
6930 37
6930 47
6931 7
6931 17
6932 9
6932 19
6932 29
6932 39
6932 49
6932 59
6932 69
6935 10
6935 20
6935 30
6935 40
6944 19
6944 29
6944 43
6945 6
6945 16
6945 26
6945 36
6945 46
6945 56
6945 66
6945 76
6945 86
6945 102
6945 112
6945 122
6945 132
6945 142
6945 152
6945 162
6945 172
6945 182
6945 192
6945 202
6945 212
6945 222
6945 232
6945 242
6947 2
6947 12
6947 22
6947 32
6958 9
6958 19
6958 29
6958 39
6959 10
6964 20
6964 30
6964 40
6964 50
6964 60
6964 70
6964 80
6964 90
6964 100
6964 110
6964 120
6964 130
6964 140
6964 150
6964 160
6964 170
6965 9
6965 19
6965 29
6965 39
6965 51
6965 61
6965 71
6965 81
6965 91
6965 101
6965 111
6965 121
6965 131
