7397 47
7397 57
7397 67
7397 77
7405 64
7405 74
7405 84
7407 6
7407 16
7407 26
7409 4
7412 2
7412 12
7412 22
7418 8
7418 18
7418 28
7418 38
7418 48
7418 58
7420 8
7420 18
7420 28
7423 3
7423 13
7423 23
7423 33
7423 43
7423 53
7423 63
7423 73
7423 83
7428 2
7428 12
7428 22
7428 32
7428 42
7428 52
7432 6
7432 16
7432 26
7432 36
7432 46
7453 3
7453 13
7453 23
7453 33
7454 5
7454 15
7454 25
7454 35
7454 45
7454 55
7454 65
7455 8
7455 18
7455 28
7455 38
7455 48
7455 58
7455 68
7455 78
7455 88
7456 2
7456 12
7456 22
7456 32
7456 42
7456 52
7456 62
7456 72
7456 82
7458 9
7458 19
7480 8
7480 18
7480 28
7480 38
7480 48
7491 4
7491 14
7491 24
7491 34
7491 44
7491 54
7491 64
7491 74
7491 84
7491 94
7491 104
7491 114
7491 124
7491 134
7491 144
7491 154
7491 164
7491 174
7491 184
7492 3
7492 13
7492 23
7492 33
7492 43
7493 8
7508 5
7508 15
7508 25
7508 35
7508 45
7508 55
7508 65
7508 75
7508 85
7508 95
7508 105
7508 115
7594 18
7596 2
7598 2
7607 4
7611 4
7611 14
7611 24
7611 34
7611 44
7612 5
7613 2
7613 12
7613 22
7613 32
7613 42
7613 52
7613 62
7613 72
7615 9
7617 7
7617 17
7617 27
7617 37
7617 47
7617 57
7617 67
7617 77
7617 87
7617 97
7617 107
7617 117
7617 127
7617 137
7618 8
7621 5
7621 15
7622 6
7622 16
7622 26
7623 9
7623 19
7623 29
7623 39
7624 1
7624 11
7624 21
7626 7
7626 17
7626 27
7626 37
7626 47
7626 57
7626 67
7626 77
7626 87
7627 7
7627 17
7627 27
7627 37
7627 47
7627 57
7627 67
7627 77
7627 87
7631 17
7631 27
7631 37
7633 4
7633 14
7634 61
7634 71
7634 81
7634 91
7634 101
7635 4
7635 14
7635 24
7635 34
7635 44
7635 54
7635 64
7635 74
7635 84
7635 94
7635 104
7635 114
7635 124
7635 134
7635 144
7635 154
7635 164
7635 174
7635 184
7635 194
7641 2
7641 12
7650 1
7651 8
7655 8
7658 3
7661 7
7661 17
7661 27
7663 2
7663 12
7663 22
7665 14
7665 24
7665 34
7665 44
7665 54
7665 64
7665 74
7665 84
7665 94
7665 109
7665 119
7667 8
7667 18
7667 28
7667 38
7667 48
7667 58
7667 68
7667 78
7667 88
7667 98
7667 112
7667 124
7668 10
7668 20
7668 31
7668 41
7669 2
7669 12
7669 22
7669 32
7669 42
7669 52
7669 62
7672 1
7672 11
7672 21
7672 31
7672 41
7673 4
7673 14
7673 24
7673 34
7679 20
7680 10
7680 20
7680 30
7681 4
7681 14
7682 10
7682 20
7687 3
7688 1
7688 66
7689 18
7689 28
7689 38
7689 48
7689 58
7689 68
7689 78
7689 88
7689 98
7689 108
7689 118
7689 128
7689 138
7689 148
7689 158
7689 168
7689 178
7693 1
7693 11
7694 2
7694 12
7694 22
7694 32
7694 42
7700 9
7700 19
7700 29
7700 39
7700 49
7700 59
7700 69
7700 79
7700 89
7701 7
7701 17
7701 27
7701 37
7701 47
7701 57
7701 67
7701 77
7701 87
7701 97
7701 107
7701 117
7701 127
7702 10
7702 20
7705 4
7705 14
7705 24
7705 34
7705 44
7705 54
7705 64
7705 74
7705 84
7705 94
7711 30
7711 40
7711 50
7711 60
7711 70
7711 80
7711 90
7711 100
7711 110
7711 120
7711 130
7711 140
7711 150
7711 160
7711 170
7711 180
7711 190
7711 200
7711 210
7711 220
7711 230
7711 240
7711 250
7711 260
7711 270
7711 280
7711 290
7743 40
7743 50
7743 60
7743 70
7743 80
7743 90
7743 100
7743 110
7743 120
7743 130
7743 140
7743 150
7743 160
7743 170
7743 180
7743 190
7743 200
7743 210
7743 220
7743 230
7743 240
7744 5
7744 15
7744 25
7744 35
7744 45
7744 55
7745 8
7745 18
7745 28
7749 8
7749 18
7749 28
7749 38
7749 48
7749 58
7749 68
7750 3
7750 13
7750 23
7750 33
7750 43
7750 53
7750 63
7750 73
7750 83
7750 93
7750 103
7750 113
7750 123
7751 1
7751 11
7751 21
7751 31
7751 41
7751 51
7751 61
7751 71
7752 4
7752 14
7752 24
7752 34
7752 44
7753 3
7753 13
7753 23
7753 33
7754 3
7754 13
