8115      0 
8115      1 
8115      2 
8115      3 
8115      4 
8115      5 
8115      6 
8115      7 
8115      8 
8115      9 
8115     10 
8115     11 
8115     12 
8115     13 
8115     14 
8115     15 
8115     16 
8115     17 
8115     18 
8115     19 
8115     20 
8115     21 
8115     22 
8115     23 
8121     63 
8121     64 
8121     65 
8121     66 
8121     67 
8121     68 
8121     69 
8121     70 
8121     71 
8121     72 
8121     73 
8121     74 
8121     75 
8121     76 
8121     77 
8121     78 
8121     79 
8121     80 
8121     81 
8121     82 
8121     83 
8121     84 
8121     85 
8121     86 
8121     87 
8121     88 
8121    171 
8121    172 
8121    173 
8121    174 
8121    175 
8121    176 
8121    177 
8121    178 
8121    179 
8121    180 
8121    181 
8121    182 
8121    183 
8121    184 
8121    185 
8121    186 
8121    187 
8121    188 
8121    189 
8121    190 
8121    191 
8121    192 
8121    193 
8121    194 
8121    195 
8121    196 
8121    197 
8121    198 
8121    199 
8121    200 
8121    201 
8121    202 
8121    203 
8121    204 
8121    205 
8121    206 
8121    207 
8121    208 
8121    209 
8121    210 
8121    211 
8121    212 
8121    213 
8135     38 
8135     39 
8135     40 
8135     41 
8135     42 
8135     43 
8135     44 
8135     45 
8135     46 
8135     47 
8135     48 
8135     49 
8135     50 
8135     51 
8135     52 
8135     53 
8135     54 
8135     55 
8135     56