5012     0  
5012     1  
5012     2  
5012     3  
5012     4  
5012     5  
5012     6  
5012     7  
5012     8  
5012     9  
5012     10 
5012     11 
5012     12 
5012     13 
5012     14 
5012     15 
5012     16 
5012     17 
5012     18 
5012     19 
5012     20 
5012     21 
5012     22 
5012     23 
5012     24 
5012     25 
5012     26 
5012     27 
5012     28 
5012     29 
5012     30 
5012     31 
5012     32 
5012     33 
5013     0  
5013     1  
5013     2  
5013     3  
5013     4  
5013     5  
5013     6  
5020     0  
5020     1  
5020     2  
5020     3  
5020     4  
5022     0  
5022     1  
5022     2  
5022     3  
5022     4  
5022     5  
5022     6  
5022     7  
5022     8  
5024     0  
5024     1  
5024     2  
5024     3  
5024     4  
5024     5  
5024     6  
5024     7  
5024     8  
5024     9  
5024     10 
5024     11 
5024     12 
5024     13 
5024     14 
5024     15 
5024     16 
5028     0  
5028     1  
5028     2  
5028     3  
5028     4  
5028     5  
5028     6  
5028     7  
5028     8  
5028     9  
5028     10 
5028     11 
5028     12 
5028     13 
5028     14 
5028     15 
5028     16 
5028     17 
5028     18 
5028     19 
5028     20 
5028     21 
5028     22 
5028     23 
5028     24 
5028     25 
5028     26 
5028     27 
5028     28 
5028     29 
5028     30 
5028     31 
5028     32 
5028     33 
5029     0  
5029     1  
5029     2  
5029     3  
5029     4  
5029     5  
5029     6  
5029     7  
5029     8  
5029     9  
5029     10 
5029     11 
5029     12 
5029     13 
5029     14 
5029     15 
5029     16 
5029     17 
5029     18 
5029     19 
5029     20 
5029     21 
5029     22 
5029     23 
5029     24 
5029     25 
5029     26 
5029     27 
5029     28 
5029     29 
5029     30 
5029     31 
5029     32 
5029     33 
5029     34 
5029     35 
5029     36 
5029     37 
5029     38 
5029     39 
5029     40 
5029     41 
5029     42 
5029     43 
5029     44 
5029     45 
5030     0  
5030     1  
5030     2  
5030     3  
5030     4  
5030     5  
5030     6  
5030     7  
5030     8  
5030     9  
5030     10 
5030     11 
5030     12 
5030     13 
5030     14 
5030     15 
5030     16 
5030     17 
5030     18 
5030     19 
5030     20 
5030     21 
5030     22 
5030     23 
5030     24 
5030     25 
5030     26 
5030     27 
5030     28 
5031     0  
5031     1  
5031     2  
5031     3  
5031     4  
5031     5  
5031     6  
5031     7  
5031     8  
5031     9  
5062     0  
5062     1  
5062     2  
5062     3  
5062     4  
5062     5  
5062     6  
5062     7  
5062     8  
5062     9  
5062     10 
5062     11 
5062     12 
5062     13 
5062     14 
5062     15 
5062     16 
5062     17 
5062     18 
5062     19 
5062     20 
5062     21 
5062     22 
5062     23 
5062     24 
5062     25 
5062     26 
5062     27 
5062     28 
5062     29 
5063     0  
5063     1  
5063     2  
5063     3  
5063     4  
5063     5  
5063     6  
5063     7  
5063     8  
5063     9  
5063     10 
5063     11 
5063     12 
5063     13 
5068     0  
5068     1  
5068     2  
5068     3  
5068     4  
5068     5  
5068     6  
5068     7  
5068     8  
5068     9  
5069     0  
5069     1  
5069     2  
5069     3  
5069     4  
5069     5  
5069     6  
5069     7  
5069     8  
5069     9  
5069     10 
5069     11 
5069     12 
5069     13 
5069     14 
5069     15 
5069     16 
5069     17 
5069     18 
5069     19 
5069     20 
5069     21 
5069     22 
5069     23 
5069     24 
5069     25 
5069     26 
5069     27 
5069     28 
5069     29 
5069     30 
5069     31 
5069     32 
5069     33 
5069     34 
5069     35 
5069     36 
5069     37 
5069     38 
5069     39 
5069     40 
5069     41 
5069     42 
5069     43 
5069     44 
5069     45 
5069     46 
5069     47 
5069     48 
5069     49 
5069     50 
5069     51 
5069     52 
5069     53 
5069     54 
5069     55 
5069     56 
5069     57 
5069     58 
5069     59 
5069     60 
5069     61 
5070     0  
5070     1  
5070     2  
5070     3  
5070     4  
5070     5  
5070     6  
5070     7  
5070     8  
5070     9  
5070     10 
5070     11 
5070     12 
5070     13 
5070     14 
5070     15 
5070     16 
5070     17 
5070     18 
5070     19 
5070     20 
5070     21 
5070     22 
5070     23 
5070     24 
5070     25 
5070     26 
5070     27 
5070     28 
5070     29 
5070     30 
5070     31 
5070     32 
5070     33 
5070     34 
5070     35 
5070     36 
5070     37 
5070     38 
5070     39 
5070     40 
5070     41 
5070     42 
5070     43 
5070     44 
5070     45 
5070     46 
5070     47 
5070     48 
5070     49 
5070     50 
5070     51 
5070     52 
5070     53 
5070     54 
5070     55 
5070     56 
5070     57 
5070     58 
5070     59 
5070     60 
5070     61 
5070     62 
5070     63 
5070     64 
5070     65 
5070     66 
5070     67 
5070     68 
5070     69 
5070     70 
5070     71 
5070     72 
5070     73 
5070     74 
5070     75 
5070     76 
5070     77 
5070     78 
5070     79 
5070     80 
5070     81 
5070     82 
5070     83 
5070     84 
5070     85 
5070     86 
5070     87 
5070     88 
5070     89 
5070     90 
5070     91 
5070     92 
5070     93 
5070     94 
5070     95 
5070     96 
5070     97 
5070     98 
5070     99 
5070     100
5070     101
5070     102
5070     103
5070     104
5070     105
5070     106
5070     107
5087     0  
5087     1  
5087     2  
5087     3  
5090     0  
5090     1  
5090     2  
5090     3  
5090     4  
5090     5  
5090     6  
5090     7  
5090     8  
5090     9  
5090     10 
5090     11 
5090     12 
5090     13 
5090     14 
5090     15 
5090     16 
5090     17 
5090     18 
5090     19 
5090     20 
5090     21 
5090     22 
5090     23 
5090     24 
5090     25 
5090     26 
5102     0  
5102     1  
5102     2  
5102     3  
5102     4  
5102     5  
5102     6  
5102     7  
5102     8  
5102     9  
5102     10 
5102     11 
5102     12 
5102     13 
5102     14 
5102     15 
5102     16 
5102     17 
5102     18 
5102     19 
5102     20 
5102     21 
5102     22 
5102     23 
5102     24 
5102     25 
5102     26 
5102     27 
5102     28 
5102     29 
5102     30 
5102     31 
5102     32 
5102     33 
5102     34 
5104     0  
5104     1  
5104     2  
5104     3  
5104     4  
5104     5  
5104     6  
5106     0  
5106     1  
5106     2  
5106     3  
5106     4  
5106     5  
5106     6  
5106     7  
5106     8  
5106     9  
5106     10 
5106     11 
5106     12 
5106     13 
5106     14 
5106     15 
5106     16 
5106     17 
5106     18 
5106     19 
5106     20 
5106     21 
5106     22 
5106     23 
5106     24 
5106     25 
5106     26 
5106     27 
5106     28 
5106     29 
5106     30 
5106     31 
5106     32 
5106     33 
5106     34 
5106     35 
5106     36 
5113     0  
5113     1  
5113     2  
5113     3  
5113     4  
5113     5  
5113     6  
5113     7  
5114     0  
5114     1  
5114     2  
5114     3  
5114     4  
5115     0  
5115     1  
5115     2  
5115     3  
5115     4  
5115     5  
5115     6  
5115     7  
5115     8  
5115     9  
