7397    47
7397    48
7397    49
7397    50
7397    51
7397    52
7397    53
7397    54
7397    55
7397    56
7397    57
7397    58
7397    59
7397    60
7397    61
7397    62
7397    63
7397    64
7397    65
7397    66
7397    67
7397    68
7397    69
7397    70
7397    71
7397    72
7397    73
7397    74
7397    75
7397    76
7397    77
7397    78
7405    56
7405    57
7405    58
7405    59
7405    60
7405    61
7405    62
7405    63
7405    64
7405    65
7405    66
7405    67
7405    68
7405    69
7405    70
7405    71
7405    72
7405    73
7405    74
7405    75
7405    76
7405    77
7405    78
7405    79
7405    80
7405    81
7405    82
7405    83
7405    84
7405    85
7405    86
7405    87
7405    88
7405    89
7405    90
7407    3
7407    4
7407    5
7407    6
7407    7
7407    8
7407    9
7407    10
7407    11
7407    12
7407    13
7407    14
7407    15
7407    16
7407    17
7407    18
7407    19
7407    20
7407    21
7407    22
7407    23
7407    24
7407    25
7407    26
7407    27
7407    28
7407    29
7407    30
7407    31
7407    32
7409    0
7409    1
7409    2
7409    3
7409    4
7409    5
7409    6
7409    7
7409    8
7409    9
7410    0
7411    0
7411    1
7411    2
7411    3
7412    0
7412    1
7412    2
7412    3
7412    4
7412    5
7412    6
7412    7
7412    8
7412    9
7412    10
7412    11
7412    12
7412    13
7412    14
7412    15
7412    16
7412    17
7412    18
7412    19
7412    20
7412    21
7412    22
7412    23
7412    24
7418    1
7418    2
7418    3
7418    4
7418    5
7418    6
7418    7
7418    8
7418    9
7418    10
7418    11
7418    12
7418    13
7418    14
7418    15
7418    16
7418    17
7418    18
7418    19
7418    20
7418    21
7418    22
7418    23
7418    24
7418    25
7418    26
7418    27
7418    28
7418    29
7418    30
7418    31
7418    32
7418    33
7418    34
7418    35
7418    36
7418    37
7418    38
7418    39
7418    40
7418    41
7418    42
7418    43
7418    44
7418    45
7418    46
7418    47
7418    48
7418    49
7418    50
7418    51
7418    52
7418    53
7418    54
7418    55
7418    56
7418    57
7418    58
7418    59
7418    60
7418    61
7418    62
7418    63
7418    64
7418    65
7418    66
7420    7
7420    8
7420    9
7420    10
7420    11
7420    12
7420    13
7420    14
7420    15
7420    16
7420    17
7420    18
7420    19
7420    20
7420    21
7420    22
7420    23
7420    24
7420    25
7420    26
7420    27
7420    28
7420    29
7420    30
7420    31
7420    32
7420    33
7420    34
7420    35
7423    0
7423    1
7423    2
7423    3
7423    4
7423    5
7423    6
7423    7
7423    8
7423    9
7423    10
7423    11
7423    12
7423    13
7423    14
7423    15
7423    16
7423    17
7423    18
7423    19
7423    20
7423    21
7423    22
7423    23
7423    24
7423    25
7423    26
7423    27
7423    28
7423    29
7423    30
7423    31
7423    32
7423    33
7423    34
7423    35
7423    36
7423    37
7423    38
7423    39
7423    40
7423    41
7423    42
7423    43
7423    44
7423    45
7423    46
7423    47
7423    48
7423    49
7423    50
7423    51
7423    52
7423    53
7423    54
7423    55
7423    56
7423    57
7423    58
7423    59
7423    60
7423    61
7423    62
7423    63
7423    64
7423    65
7423    66
7423    67
7423    68
7423    69
7423    70
7423    71
7423    72
7423    73
7423    74
7423    75
7423    76
7423    77
7423    78
7423    79
7423    80
7423    81
7423    82
7423    83
7423    84
7423    85
7423    86
7423    87
7423    88
7423    89
7423    90
7423    91
7428    0
7428    1
7428    2
7428    3
7428    4
7428    5
7428    6
7428    7
7428    8
7428    9
7428    10
7428    11
7428    12
7428    13
7428    14
7428    15
7428    16
7428    17
7428    18
7428    19
7428    20
7428    21
7428    22
7428    23
7428    24
7428    25
7428    26
7428    27
7428    28
7428    29
7428    30
7428    31
7428    32
7428    33
7428    34
7428    35
7428    36
7428    37
7428    38
7428    39
7428    40
7428    41
7428    42
7428    43
7428    44
7428    45
7428    46
7428    47
7428    48
7428    49
7428    50
7428    51
7428    52
7428    53
7428    54
7431    0
7431    1
7431    2
7432    0
7432    1
7432    2
7432    3
7432    4
7432    5
7432    6
7432    7
7432    8
7432    9
7432    10
7432    11
7432    12
7432    13
7432    14
7432    15
7432    16
7432    17
7432    18
7432    19
7432    20
7432    21
7432    22
7432    23
7432    24
7432    25
7432    26
7432    27
7432    28
7432    29
7432    30
7432    31
7432    32
7432    33
7432    34
7432    35
7432    36
7432    37
7432    38
7432    39
7432    40
7432    41
7432    42
7432    43
7432    44
7432    45
7432    46
7432    47
7432    48
7432    49
7432    50
7432    51
7432    52
7432    53
7453    0
7453    1
7453    2
7453    3
7453    4
7453    5
7453    6
7453    7
7453    8
7453    9
7453    10
7453    11
7453    12
7453    13
7453    14
7453    15
7453    16
7453    17
7453    18
7453    19
7453    20
7453    21
7453    22
7453    23
7453    24
7453    25
7453    26
7453    27
7453    28
7453    29
7453    30
7453    31
7453    32
7453    33
7453    34
7453    35
7453    36
7453    37
7453    38
7454    0
7454    1
7454    2
7454    3
7454    4
7454    5
7454    6
7454    7
7454    8
7454    9
7454    10
7454    11
7454    12
7454    13
7454    14
7454    15
7454    16
7454    17
7454    18
7454    19
7454    20
7454    21
7454    22
7454    23
7454    24
7454    25
7454    26
7454    27
7454    28
7454    29
7454    30
7454    31
7454    32
7454    33
7454    34
7454    35
7454    36
7454    37
7454    38
7454    39
7454    40
7454    41
7454    42
7454    43
7454    44
7454    45
7454    46
7454    47
7454    48
7454    49
7454    50
7454    51
7454    52
7454    53
7454    54
7454    55
7454    56
7454    57
7454    58
7454    59
7454    60
7454    61
7454    62
7454    63
7454    64
7454    65
7454    66
7454    67
7455    0
7455    1
7455    2
7455    3
7455    4
7455    5
7455    6
7455    7
7455    8
7455    9
7455    10
7455    11
7455    12
7455    13
7455    14
7455    15
7455    16
7455    17
7455    18
7455    19
7455    20
7455    21
7455    22
7455    23
7455    24
7455    25
7455    26
7455    27
7455    28
7455    29
7455    30
7455    31
7455    32
7455    33
7455    34
7455    35
7455    36
7455    37
7455    38
7455    39
7455    40
7455    41
7455    42
7455    43
7455    44
7455    45
7455    46
7455    47
7455    48
7455    49
7455    50
7455    51
7455    52
7455    53
7455    54
7455    55
7455    56
7455    57
7455    58
7455    59
7455    60
7455    61
7455    62
7455    63
7455    64
7455    65
7455    66
7455    67
7455    68
7455    69
7455    70
7455    71
7455    72
7455    73
7455    74
7455    75
7455    76
7455    77
7455    78
7455    79
7455    80
7455    81
7455    82
7455    83
7455    84
7455    85
7455    86
7455    87
7455    88
7455    89
7455    90
7455    91
7455    92
7455    93
7455    94
7455    95
7455    96
7456    0
7456    1
7456    2
7456    3
7456    4
7456    5
7456    6
7456    7
7456    8
7456    9
7456    10
7456    11
7456    12
7456    13
7456    14
7456    15
7456    16
7456    17
7456    18
7456    19
7456    20
7456    21
7456    22
7456    23
7456    24
7456    25
7456    26
7456    27
7456    28
7456    29
7456    30
7456    31
7456    32
7456    33
7456    34
7456    35
7456    36
7456    37
7456    38
7456    39
7456    40
7456    41
7456    42
7456    43
7456    44
7456    45
7456    46
7456    47
7456    48
7456    49
7456    50
7456    51
7456    52
7456    53
7456    54
7456    55
7456    56
7456    57
7456    58
7456    59
7456    60
7456    61
7456    62
7456    63
7456    64
7456    65
7456    66
7456    67
7456    68
7456    69
7456    70
7456    71
7456    72
7456    73
7456    74
7456    75
7456    76
7456    77
7456    78
7456    79
7456    80
7456    81
7456    82
7456    83
7458    0
7458    1
7458    2
7458    3
7458    4
7458    5
7458    6
7458    7
7458    8
7458    9
7458    10
7458    11
7458    12
7458    13
7458    14
7458    15
7458    16
7458    17
7458    18
7458    19
7458    20
7458    21
7480    0
7480    1
7480    2
7480    3
7480    4
7480    5
7480    6
7480    7
7480    8
7480    9
7480    10
7480    11
7480    12
7480    13
7480    14
7480    15
7480    16
7480    17
7480    18
7480    19
7480    20
7480    21
7480    22
7480    23
7480    24
7480    25
7480    26
7480    27
7480    28
7480    29
7480    30
7480    31
7480    32
7480    33
7480    34
7480    35
7480    36
7480    37
7480    38
7480    39
7480    40
7480    41
7480    42
7480    43
7480    44
7480    45
7480    46
7480    47
7480    48
7480    49
7480    50
7480    51
7480    52
7480    53
7480    54
7491    1
7491    2
7491    3
7491    4
7491    5
7491    6
7491    7
7491    8
7491    9
7491    10
7491    11
7491    12
7491    13
7491    14
7491    15
7491    16
7491    17
7491    18
7491    19
7491    20
7491    21
7491    22
7491    23
7491    24
7491    25
7491    26
7491    27
7491    28
7491    29
7491    30
7491    31
7491    32
7491    33
7491    34
7491    35
7491    36
7491    37
7491    38
7491    39
7491    40
7491    41
7491    42
7491    43
7491    44
7491    45
7491    46
7491    47
7491    48
7491    49
7491    50
7491    51
7491    52
7491    53
7491    54
7491    55
7491    56
7491    57
7491    58
7491    59
7491    60
7491    61
7491    62
7491    63
7491    64
7491    65
7491    66
7491    67
7491    68
7491    69
7491    70
7491    71
7491    72
7491    73
7491    74
7491    75
7491    76
7491    77
7491    78
7491    79
7491    80
7491    81
7491    82
7491    83
7491    84
7491    85
7491    86
7491    87
7491    88
7491    89
7491    90
7491    91
7491    92
7491    93
7491    94
7491    95
7491    96
7491    97
7491    98
7491    99
7491    100
7491    101
7491    102
7491    103
7491    104
7491    105
7491    106
7491    107
7491    108
7491    109
7491    110
7491    111
7491    112
7491    113
7491    114
7491    115
7491    116
7491    117
7491    118
7491    119
7491    120
7491    121
7491    122
7491    123
7491    124
7491    125
7491    126
7491    127
7491    128
7491    129
7491    130
7491    131
7491    132
7491    133
7491    134
7491    135
7491    136
7491    137
7491    138
7491    139
7491    140
7491    141
7491    142
7491    143
7491    144
7491    145
7491    146
7491    147
7491    148
7491    149
7491    150
7491    151
7491    152
7491    153
7491    154
7491    155
7491    156
7491    157
7491    158
7491    159
7491    160
7491    161
7491    162
7491    163
7491    164
7491    165
7491    166
7491    167
7491    168
7491    169
7491    170
7491    171
7491    172
7491    173
7491    174
7491    175
7491    176
7491    177
7491    178
7491    179
7491    180
7491    181
7491    182
7491    183
7491    184
7491    185
7491    186
7491    187
7491    188
7491    189
7491    190
7491    191
7492    0
7492    1
7492    2
7492    3
7492    4
7492    5
7492    6
7492    7
7492    8
7492    9
7492    10
7492    11
7492    12
7492    13
7492    14
7492    15
7492    16
7492    17
7492    18
7492    19
7492    20
7492    21
7492    22
7492    23
7492    24
7492    25
7492    26
7492    27
7492    28
7492    29
7492    30
7492    31
7492    32
7492    33
7492    34
7492    35
7492    36
7492    37
7492    38
7492    39
7492    40
7492    41
7492    42
7492    43
7492    44
7492    45
7492    46
7492    47
7493    3
7493    4
7493    5
7493    6
7493    7
7493    8
7493    9
7493    10
7493    11
7506    6
7506    7
7508    0
7508    1
7508    2
7508    3
7508    4
7508    5
7508    6
7508    7
7508    8
7508    9
7508    10
7508    11
7508    12
7508    13
7508    14
7508    15
7508    16
7508    17
7508    18
7508    19
7508    20
7508    21
7508    22
7508    23
7508    24
7508    25
7508    26
7508    27
7508    28
7508    29
7508    30
7508    31
7508    32
7508    33
7508    34
7508    35
7508    36
7508    37
7508    38
7508    39
7508    40
7508    41
7508    42
7508    43
7508    44
7508    45
7508    46
7508    47
7508    48
7508    49
7508    50
7508    51
7508    52
7508    53
7508    54
7508    55
7508    56
7508    57
7508    58
7508    59
7508    60
7508    61
7508    62
7508    63
7508    64
7508    65
7508    66
7508    67
7508    68
7508    69
7508    70
7508    71
7508    72
7508    73
7508    74
7508    75
7508    76
7508    77
7508    78
7508    79
7508    80
7508    81
7508    82
7508    83
7508    84
7508    85
7508    86
7508    87
7508    88
7508    89
7508    90
7508    91
7508    92
7508    93
7508    94
7508    95
7508    96
7508    97
7508    98
7508    99
7508    100
7508    101
7508    102
7508    103
7508    104
7508    105
7508    106
7508    107
7508    108
7508    109
7508    110
7508    111
7508    112
7508    113
7508    114
7508    115
7508    116
7594    10
7594    11
7594    12
7594    13
7594    14
7594    15
7594    16
7594    17
7594    18
7595    0
7595    1
7595    2
7595    3
7595    4
7595    5
7595    6
7595    7
7595    8
7596    0
7596    1
7596    2
7596    3
7596    4
7596    5
7596    6
7597    0
7597    1
7597    2
7597    3
7597    4
7598    0
7598    1
7598    2
7598    3
7598    4
7598    5
7598    6
7598    7
7598    8
7607    0
7607    1
7607    2
7607    3
7607    4
7609    0
7610    0
7610    1
7610    2
7610    3
7610    4
7610    5
7610    6
7611    0
7611    1
7611    2
7611    3
7611    4
7611    5
7611    6
7611    7
7611    8
7611    9
7611    10
7611    11
7611    12
7611    13
7611    14
7611    15
7611    16
7611    17
7611    18
7611    19
7611    20
7611    21
7611    22
7611    23
7611    24
7611    25
7611    26
7611    27
7611    28
7611    29
7611    30
7611    31
7611    32
7611    33
7611    34
7611    35
7611    36
7611    37
7611    38
7611    39
7611    40
7611    41
7611    42
7611    43
7611    44
7611    45
7611    46
7611    47
7611    48
7611    49
7612    0
7612    1
7612    2
7612    3
7612    4
7612    5
7612    6
7612    7
7612    8
7612    9
7612    10
7612    11
7612    12
7612    13
7612    14
7613    2
7613    3
7613    4
7613    5
7613    6
7613    7
7613    8
7613    9
7613    10
7613    11
7613    12
7613    13
7613    14
7613    15
7613    16
7613    17
7613    18
7613    19
7613    20
7613    21
7613    22
7613    23
7613    24
7613    25
7613    26
7613    27
7613    28
7613    29
7613    30
7613    31
7613    32
7613    33
7613    34
7613    35
7613    36
7613    37
7613    38
7613    39
7613    40
7613    41
7613    42
7613    43
7613    44
7613    45
7613    46
7613    47
7613    48
7613    49
7613    50
7613    51
7613    52
7613    53
7613    54
7613    55
7613    56
7613    57
7613    58
7613    59
7613    60
7613    61
7613    62
7613    63
7613    64
7613    65
7613    66
7613    67
7613    68
7613    69
7613    70
7613    71
7613    72
7613    73
7615    0
7615    1
7615    2
7615    3
7615    4
7615    5
7615    6
7615    7
7615    8
7615    9
7615    10
7615    11
7615    12
7617    0
7617    1
7617    2
7617    3
7617    4
7617    5
7617    6
7617    7
7617    8
7617    9
7617    10
7617    11
7617    12
7617    13
7617    14
7617    15
7617    16
7617    17
7617    18
7617    19
7617    20
7617    21
7617    22
7617    23
7617    24
7617    25
7617    26
7617    27
7617    28
7617    29
7617    30
7617    31
7617    32
7617    33
7617    34
7617    35
7617    36
7617    37
7617    38
7617    39
7617    40
7617    41
7617    42
7617    43
7617    44
7617    45
7617    46
7617    47
7617    48
7617    49
7617    50
7617    51
7617    52
7617    53
7617    54
7617    55
7617    56
7617    57
7617    58
7617    59
7617    60
7617    61
7617    62
7617    63
7617    64
7617    65
7617    66
7617    67
7617    68
7617    69
7617    70
7617    71
7617    72
7617    73
7617    74
7617    75
7617    76
7617    77
7617    78
7617    79
7617    80
7617    81
7617    82
7617    83
7617    84
7617    85
7617    86
7617    87
7617    88
7617    89
7617    90
7617    91
7617    92
7617    93
7617    94
7617    95
7617    96
7617    97
7617    98
7617    99
7617    100
7617    101
7617    102
7617    103
7617    104
7617    105
7617    106
7617    107
7617    108
7617    109
7617    110
7617    111
7617    112
7617    113
7617    114
7617    115
7617    116
7617    117
7617    118
7617    119
7617    120
7617    121
7617    122
7617    123
7617    124
7617    125
7617    126
7617    127
7617    128
7617    129
7617    130
7617    131
7617    132
7617    133
7617    134
7617    135
7617    136
7617    137
7617    138
7617    139
7618    0
7618    1
7618    2
7618    3
7618    4
7618    5
7618    6
7618    7
7618    8
7618    9
7618    10
7618    11
7619    0
7619    1
7619    2
7620    0
7621    0
7621    1
7621    2
7621    3
7621    4
7621    5
7621    6
7621    7
7621    8
7621    9
7621    10
7621    11
7621    12
7621    13
7621    14
7621    15
7621    16
7621    17
7621    18
7621    19
7622    0
7622    1
7622    2
7622    3
7622    4
7622    5
7622    6
7622    7
7622    8
7622    9
7622    10
7622    11
7622    12
7622    13
7622    14
7622    15
7622    16
7622    17
7622    18
7622    19
7622    20
7622    21
7622    22
7622    23
7622    24
7622    25
7622    26
7622    27
7623    0
7623    1
7623    2
7623    3
7623    4
7623    5
7623    6
7623    7
7623    8
7623    9
7623    10
7623    11
7623    12
7623    13
7623    14
7623    15
7623    16
7623    17
7623    18
7623    19
7623    20
7623    21
7623    22
7623    23
7623    24
7623    25
7623    26
7623    27
7623    28
7623    29
7623    30
7623    31
7623    32
7623    33
7623    34
7623    35
7623    36
7623    37
7623    38
7623    39
7623    40
7623    41
7623    42
7623    43
7623    44
7623    45
7623    46
7623    47
7623    48
7624    0
7624    1
7624    2
7624    3
7624    4
7624    5
7624    6
7624    7
7624    8
7624    9
7624    10
7624    11
7624    12
7624    13
7624    14
7624    15
7624    16
7624    17
7624    18
7624    19
7624    20
7624    21
7624    22
7624    23
7624    24
7625    0
7626    0
7626    1
7626    2
7626    3
7626    4
7626    5
7626    6
7626    7
7626    8
7626    9
7626    10
7626    11
7626    12
7626    13
7626    14
7626    15
7626    16
7626    17
7626    18
7626    19
7626    20
7626    21
7626    22
7626    23
7626    24
7626    25
7626    26
7626    27
7626    28
7626    29
7626    30
7626    31
7626    32
7626    33
7626    34
7626    35
7626    36
7626    37
7626    38
7626    39
7626    40
7626    41
7626    42
7626    43
7626    44
7626    45
7626    46
7626    47
7626    48
7626    49
7626    50
7626    51
7626    52
7626    53
7626    54
7626    55
7626    56
7626    57
7626    58
7626    59
7626    60
7626    61
7626    62
7626    63
7626    64
7626    65
7626    66
7626    67
7626    68
7626    69
7626    70
7626    71
7626    72
7626    73
7626    74
7626    75
7626    76
7626    77
7626    78
7626    79
7626    80
7626    81
7626    82
7626    83
7626    84
7626    85
7626    86
7626    87
7626    88
7626    89
7626    90
7627    0
7627    1
7627    2
7627    3
7627    4
7627    5
7627    6
7627    7
7627    8
7627    9
7627    10
7627    11
7627    12
7627    13
7627    14
7627    15
7627    16
7627    17
7627    18
7627    19
7627    20
7627    21
7627    22
7627    23
7627    24
7627    25
7627    26
7627    27
7627    28
7627    29
7627    30
7627    31
7627    32
7627    33
7627    34
7627    35
7627    36
7627    37
7627    38
7627    39
7627    40
7627    41
7627    42
7627    43
7627    44
7627    45
7627    46
7627    47
7627    48
7627    49
7627    50
7627    51
7627    52
7627    53
7627    54
7627    55
7627    56
7627    57
7627    58
7627    59
7627    60
7627    61
7627    62
7627    63
7627    64
7627    65
7627    66
7627    67
7627    68
7627    69
7627    70
7627    71
7627    72
7627    73
7627    74
7627    75
7627    76
7627    77
7627    78
7627    79
7627    80
7627    81
7627    82
7627    83
7627    84
7627    85
7627    86
7627    87
7627    88
7627    89
7627    90
7631    11
7631    12
7631    13
7631    14
7631    15
7631    16
7631    17
7631    18
7631    19
7631    20
7631    21
7631    22
7631    23
7631    24
7631    25
7631    26
7631    27
7631    28
7631    29
7631    30
7631    31
7631    32
7631    33
7631    34
7631    35
7631    36
7631    37
7631    38
7632    0
7632    1
7632    2
7632    3
7632    4
7632    5
7633    0
7633    1
7633    2
7633    3
7633    4
7633    5
7633    6
7633    7
7633    8
7633    9
7633    10
7633    11
7633    12
7633    13
7633    14
7634    52
7634    53
7634    54
7634    55
7634    56
7634    57
7634    58
7634    59
7634    60
7634    61
7634    62
7634    63
7634    64
7634    65
7634    66
7634    67
7634    68
7634    69
7634    70
7634    71
7634    72
7634    73
7634    74
7634    75
7634    76
7634    77
7634    78
7634    79
7634    80
7634    81
7634    82
7634    83
7634    84
7634    85
7634    86
7634    87
7634    88
7634    89
7634    90
7634    91
7634    92
7634    93
7634    94
7634    95
7634    96
7634    97
7634    98
7634    99
7634    100
7634    101
7634    102
7634    103
7634    104
7634    105
7634    106
7634    107
7635    0
7635    1
7635    2
7635    3
7635    4
7635    5
7635    6
7635    7
7635    8
7635    9
7635    10
7635    11
7635    12
7635    13
7635    14
7635    15
7635    16
7635    17
7635    18
7635    19
7635    20
7635    21
7635    22
7635    23
7635    24
7635    25
7635    26
7635    27
7635    28
7635    29
7635    30
7635    31
7635    32
7635    33
7635    34
7635    35
7635    36
7635    37
7635    38
7635    39
7635    40
7635    41
7635    42
7635    43
7635    44
7635    45
7635    46
7635    47
7635    48
7635    49
7635    50
7635    51
7635    52
7635    53
7635    54
7635    55
7635    56
7635    57
7635    58
7635    59
7635    60
7635    61
7635    62
7635    63
7635    64
7635    65
7635    66
7635    67
7635    68
7635    69
7635    70
7635    71
7635    72
7635    73
7635    74
7635    75
7635    76
7635    77
7635    78
7635    79
7635    80
7635    81
7635    82
7635    83
7635    84
7635    85
7635    86
7635    87
7635    88
7635    89
7635    90
7635    91
7635    92
7635    93
7635    94
7635    95
7635    96
7635    97
7635    98
7635    99
7635    100
7635    101
7635    102
7635    103
7635    104
7635    105
7635    106
7635    107
7635    108
7635    109
7635    110
7635    111
7635    112
7635    113
7635    114
7635    115
7635    116
7635    117
7635    118
7635    119
7635    120
7635    121
7635    122
7635    123
7635    124
7635    125
7635    126
7635    127
7635    128
7635    129
7635    130
7635    131
7635    132
7635    133
7635    134
7635    135
7635    136
7635    137
7635    138
7635    139
7635    140
7635    141
7635    142
7635    143
7635    144
7635    145
7635    146
7635    147
7635    148
7635    149
7635    150
7635    151
7635    152
7635    153
7635    154
7635    155
7635    156
7635    157
7635    158
7635    159
7635    160
7635    161
7635    162
7635    163
7635    164
7635    165
7635    166
7635    167
7635    168
7635    169
7635    170
7635    171
7635    172
7635    173
7635    174
7635    175
7635    176
7635    177
7635    178
7635    179
7635    180
7635    181
7635    182
7635    183
7635    184
7635    185
7635    186
7635    187
7635    188
7635    189
7635    190
7635    191
7635    192
7635    193
7635    194
7635    195
7635    196
7635    197
7635    198
7635    199
7635    200
7635    201
7635    202
7641    0
7641    1
7641    2
7641    3
7641    4
7641    5
7641    6
7641    7
7641    8
7641    9
7641    10
7641    11
7641    12
7641    13
7641    14
7641    15
7644    0
7647    0
7647    1
7647    2
7647    3
7647    4
7647    5
7648    0
7649    0
7649    1
7650    0
7650    1
7650    2
7650    3
7651    0
7651    1
7651    2
7651    3
7651    4
7651    5
7651    6
7651    7
7651    8
7651    9
7651    10
7655    0
7655    1
7655    2
7655    3
7655    4
7655    5
7655    6
7655    7
7655    8
7655    9
7655    10
7655    11
7656    0
7656    1
7656    2
7656    3
7656    4
7658    0
7658    1
7658    2
7658    3
7658    4
7658    5
7658    6
7661    0
7661    1
7661    2
7661    3
7661    4
7661    5
7661    6
7661    7
7661    8
7661    9
7661    10
7661    11
7661    12
7661    13
7661    14
7661    15
7661    16
7661    17
7661    18
7661    19
7661    20
7661    21
7661    22
7661    23
7661    24
7661    25
7661    26
7661    27
7661    28
7661    29
7661    30
7662    0
7662    1
7662    2
7662    3
7662    4
7662    5
7663    0
7663    1
7663    2
7663    3
7663    4
7663    5
7663    6
7663    7
7663    8
7663    9
7663    10
7663    11
7663    12
7663    13
7663    14
7663    15
7663    16
7663    17
7663    18
7663    19
7663    20
7663    21
7663    22
7665    5
7665    6
7665    7
7665    8
7665    9
7665    10
7665    11
7665    12
7665    13
7665    14
7665    15
7665    16
7665    17
7665    18
7665    19
7665    20
7665    21
7665    22
7665    23
7665    24
7665    25
7665    26
7665    27
7665    28
7665    29
7665    30
7665    31
7665    32
7665    33
7665    34
7665    35
7665    36
7665    37
7665    38
7665    39
7665    40
7665    41
7665    42
7665    43
7665    44
7665    45
7665    46
7665    47
7665    48
7665    49
7665    50
7665    51
7665    52
7665    53
7665    54
7665    55
7665    56
7665    57
7665    58
7665    59
7665    60
7665    61
7665    62
7665    63
7665    64
7665    65
7665    66
7665    67
7665    68
7665    69
7665    70
7665    71
7665    72
7665    73
7665    74
7665    75
7665    76
7665    77
7665    78
7665    79
7665    80
7665    81
7665    82
7665    83
7665    84
7665    85
7665    86
7665    87
7665    88
7665    89
7665    90
7665    91
7665    92
7665    93
7665    94
7665    95
7665    96
7665    97
7665    98
7665    104
7665    105
7665    106
7665    107
7665    108
7665    109
7665    110
7665    111
7665    112
7665    113
7665    114
7665    115
7665    116
7665    117
7665    118
7665    119
7665    120
7665    121
7666    0
7667    0
7667    1
7667    2
7667    3
7667    4
7667    5
7667    6
7667    7
7667    8
7667    9
7667    10
7667    11
7667    12
7667    13
7667    14
7667    15
7667    16
7667    17
7667    18
7667    19
7667    20
7667    21
7667    22
7667    23
7667    24
7667    25
7667    26
7667    27
7667    28
7667    29
7667    30
7667    31
7667    32
7667    33
7667    34
7667    35
7667    36
7667    37
7667    38
7667    39
7667    40
7667    41
7667    42
7667    43
7667    44
7667    45
7667    46
7667    47
7667    48
7667    49
7667    50
7667    51
7667    52
7667    53
7667    54
7667    55
7667    56
7667    57
7667    58
7667    59
7667    60
7667    61
7667    62
7667    63
7667    64
7667    65
7667    66
7667    67
7667    68
7667    69
7667    70
7667    71
7667    72
7667    73
7667    74
7667    75
7667    76
7667    77
7667    78
7667    79
7667    80
7667    81
7667    82
7667    83
7667    84
7667    85
7667    86
7667    87
7667    88
7667    89
7667    90
7667    91
7667    92
7667    93
7667    94
7667    95
7667    96
7667    97
7667    98
7667    99
7667    100
7667    101
7667    102
7667    103
7667    104
7667    105
7667    106
7667    111
7667    112
7667    113
7667    114
7667    115
7667    116
7667    119
7667    120
7667    121
7667    122
7667    123
7667    124
7668    0
7668    1
7668    2
7668    3
7668    4
7668    5
7668    6
7668    7
7668    8
7668    9
7668    10
7668    11
7668    12
7668    13
7668    14
7668    15
7668    16
7668    17
7668    18
7668    19
7668    20
7668    21
7668    22
7668    24
7668    25
7668    26
7668    27
7668    28
7668    29
7668    30
7668    31
7668    32
7668    33
7668    34
7668    35
7668    36
7668    37
7668    38
7668    39
7668    40
7668    41
7668    42
7668    43
7668    44
7668    45
7668    46
7668    47
7668    48
7668    49
7669    0
7669    1
7669    2
7669    3
7669    4
7669    5
7669    6
7669    7
7669    8
7669    9
7669    10
7669    11
7669    12
7669    13
7669    14
7669    15
7669    16
7669    17
7669    18
7669    19
7669    20
7669    21
7669    22
7669    23
7669    24
7669    25
7669    26
7669    27
7669    28
7669    29
7669    30
7669    31
7669    32
7669    33
7669    34
7669    35
7669    36
7669    37
7669    38
7669    39
7669    40
7669    41
7669    42
7669    43
7669    44
7669    45
7669    46
7669    47
7669    48
7669    49
7669    50
7669    51
7669    52
7669    53
7669    54
7669    55
7669    56
7669    57
7669    58
7669    59
7669    60
7669    61
7669    62
7669    63
7669    64
7669    65
7669    66
7669    67
7669    68
7669    69
7670    0
7670    1
7670    2
7672    0
7672    1
7672    2
7672    3
7672    4
7672    5
7672    6
7672    7
7672    8
7672    9
7672    10
7672    11
7672    12
7672    13
7672    14
7672    15
7672    16
7672    17
7672    18
7672    19
7672    20
7672    21
7672    22
7672    23
7672    24
7672    25
7672    26
7672    27
7672    28
7672    29
7672    30
7672    31
7672    32
7672    33
7672    34
7672    35
7672    36
7672    37
7672    38
7672    39
7672    40
7672    41
7672    42
7672    43
7672    44
7672    45
7672    46
7672    47
7673    0
7673    1
7673    2
7673    3
7673    4
7673    5
7673    6
7673    7
7673    8
7673    9
7673    10
7673    11
7673    12
7673    13
7673    14
7673    15
7673    16
7673    17
7673    18
7673    19
7673    20
7673    21
7673    22
7673    23
7673    24
7673    25
7673    26
7673    27
7673    28
7673    29
7673    30
7673    31
7673    32
7673    33
7673    34
7673    35
7673    36
7673    37
7673    38
7679    15
7679    16
7679    17
7679    18
7679    19
7679    20
7680    0
7680    1
7680    2
7680    3
7680    4
7680    5
7680    6
7680    7
7680    8
7680    9
7680    10
7680    11
7680    12
7680    13
7680    14
7680    15
7680    16
7680    17
7680    18
7680    19
7680    20
7680    21
7680    22
7680    23
7680    24
7680    25
7680    26
7680    27
7680    28
7680    29
7680    30
7680    31
7680    32
7680    33
7680    34
7680    35
7680    36
7681    0
7681    1
7681    2
7681    3
7681    4
7681    5
7681    6
7681    7
7681    8
7681    9
7681    10
7681    11
7681    12
7681    13
7681    14
7682    0
7682    1
7682    2
7682    3
7682    4
7682    5
7682    6
7682    7
7682    8
7682    9
7682    10
7682    11
7682    12
7682    13
7682    14
7682    15
7682    16
7682    17
7682    18
7682    19
7682    20
7682    21
7682    22
7685    0
7686    0
7686    1
7686    2
7686    3
7686    4
7686    5
7687    0
7687    1
7687    2
7687    3
7687    4
7687    5
7687    6
7687    7
7687    8
7687    9
7687    10
7687    11
7687    12
7688    0
7688    1
7688    2
7688    3
7688    4
7688    5
7688    6
7688    7
7688    8
7688    9
7688    10
7688    66
7689    0
7689    1
7689    2
7689    3
7689    12
7689    13
7689    14
7689    15
7689    16
7689    17
7689    18
7689    19
7689    20
7689    21
7689    22
7689    23
7689    24
7689    25
7689    26
7689    27
7689    28
7689    29
7689    30
7689    31
7689    32
7689    33
7689    34
7689    35
7689    36
7689    37
7689    38
7689    39
7689    40
7689    41
7689    42
7689    43
7689    44
7689    45
7689    46
7689    47
7689    48
7689    49
7689    50
7689    51
7689    52
7689    53
7689    54
7689    55
7689    56
7689    57
7689    58
7689    59
7689    60
7689    61
7689    62
7689    63
7689    64
7689    65
7689    66
7689    67
7689    68
7689    69
7689    70
7689    71
7689    72
7689    73
7689    74
7689    75
7689    76
7689    77
7689    78
7689    79
7689    80
7689    81
7689    82
7689    83
7689    84
7689    85
7689    86
7689    87
7689    88
7689    89
7689    90
7689    91
7689    92
7689    93
7689    94
7689    95
7689    96
7689    97
7689    98
7689    99
7689    100
7689    101
7689    102
7689    103
7689    104
7689    105
7689    106
7689    107
7689    108
7689    109
7689    110
7689    111
7689    112
7689    113
7689    114
7689    115
7689    116
7689    117
7689    118
7689    119
7689    120
7689    121
7689    122
7689    123
7689    124
7689    125
7689    126
7689    127
7689    128
7689    129
7689    130
7689    131
7689    132
7689    133
7689    134
7689    135
7689    136
7689    137
7689    138
7689    139
7689    140
7689    141
7689    142
7689    143
7689    144
7689    145
7689    146
7689    147
7689    148
7689    149
7689    150
7689    151
7689    152
7689    153
7689    154
7689    155
7689    156
7689    157
7689    158
7689    159
7689    160
7689    161
7689    162
7689    163
7689    164
7689    165
7689    166
7689    167
7689    168
7689    169
7689    170
7689    171
7689    172
7689    173
7689    174
7689    175
7689    176
7689    177
7689    178
7689    179
7689    180
7689    181
7689    182
7689    183
7689    184
7692    0
7692    1
7692    2
7692    3
7693    0
7693    1
7693    2
7693    3
7693    4
7693    5
7693    6
7693    7
7693    8
7693    9
7693    10
7693    11
7693    12
7693    13
7693    14
7693    15
7693    16
7693    17
7693    18
7693    19
7694    0
7694    1
7694    2
7694    3
7694    4
7694    5
7694    6
7694    7
7694    8
7694    9
7694    10
7694    11
7694    12
7694    13
7694    14
7694    15
7694    16
7694    17
7694    18
7694    19
7694    20
7694    21
7694    22
7694    23
7694    24
7694    25
7694    26
7694    27
7694    28
7694    29
7694    30
7694    31
7694    32
7694    33
7694    34
7694    35
7694    36
7694    37
7694    38
7694    39
7694    40
7694    41
7694    42
7694    43
7694    44
7694    45
7700    3
7700    4
7700    5
7700    6
7700    7
7700    8
7700    9
7700    10
7700    11
7700    12
7700    13
7700    14
7700    15
7700    16
7700    17
7700    18
7700    19
7700    20
7700    21
7700    22
7700    23
7700    24
7700    25
7700    26
7700    27
7700    28
7700    29
7700    30
7700    31
7700    32
7700    33
7700    34
7700    35
7700    36
7700    37
7700    38
7700    39
7700    40
7700    41
7700    42
7700    43
7700    44
7700    45
7700    46
7700    47
7700    48
7700    49
7700    50
7700    51
7700    52
7700    53
7700    54
7700    55
7700    56
7700    57
7700    58
7700    59
7700    60
7700    61
7700    62
7700    63
7700    64
7700    65
7700    66
7700    67
7700    68
7700    69
7700    70
7700    71
7700    72
7700    73
7700    74
7700    75
7700    76
7700    77
7700    78
7700    79
7700    80
7700    81
7700    82
7700    83
7700    84
7700    85
7700    86
7700    87
7700    88
7700    89
7700    90
7700    91
7700    92
7701    0
7701    1
7701    2
7701    3
7701    4
7701    5
7701    6
7701    7
7701    8
7701    9
7701    10
7701    11
7701    12
7701    13
7701    14
7701    15
7701    16
7701    17
7701    18
7701    19
7701    20
7701    21
7701    22
7701    23
7701    24
7701    25
7701    26
7701    27
7701    28
7701    29
7701    30
7701    31
7701    32
7701    33
7701    34
7701    35
7701    36
7701    37
7701    38
7701    39
7701    40
7701    41
7701    42
7701    43
7701    44
7701    45
7701    46
7701    47
7701    48
7701    49
7701    50
7701    51
7701    52
7701    53
7701    54
7701    55
7701    56
7701    57
7701    58
7701    59
7701    60
7701    61
7701    62
7701    63
7701    64
7701    65
7701    66
7701    67
7701    68
7701    69
7701    70
7701    71
7701    72
7701    73
7701    74
7701    75
7701    76
7701    77
7701    78
7701    79
7701    80
7701    81
7701    82
7701    83
7701    84
7701    85
7701    86
7701    87
7701    88
7701    89
7701    90
7701    91
7701    92
7701    93
7701    94
7701    95
7701    96
7701    97
7701    98
7701    99
7701    100
7701    101
7701    102
7701    103
7701    104
7701    105
7701    106
7701    107
7701    108
7701    109
7701    110
7701    111
7701    112
7701    113
7701    114
7701    115
7701    116
7701    117
7701    118
7701    119
7701    120
7701    121
7701    122
7701    123
7701    124
7701    125
7701    126
7701    127
7702    0
7702    1
7702    2
7702    3
7702    4
7702    5
7702    6
7702    7
7702    8
7702    9
7702    10
7702    11
7702    12
7702    13
7702    14
7702    15
7702    16
7702    17
7702    18
7702    19
7702    20
7702    21
7702    22
7702    23
7702    24
7702    25
7702    26
7705    0
7705    1
7705    2
7705    3
7705    4
7705    5
7705    6
7705    7
7705    8
7705    9
7705    10
7705    11
7705    12
7705    13
7705    14
7705    15
7705    16
7705    17
7705    18
7705    19
7705    20
7705    21
7705    22
7705    23
7705    24
7705    25
7705    26
7705    27
7705    28
7705    29
7705    30
7705    31
7705    32
7705    33
7705    34
7705    35
7705    36
7705    37
7705    38
7705    39
7705    40
7705    41
7705    42
7705    43
7705    44
7705    45
7705    46
7705    47
7705    48
7705    49
7705    50
7705    51
7705    52
7705    53
7705    54
7705    55
7705    56
7705    57
7705    58
7705    59
7705    60
7705    61
7705    62
7705    63
7705    64
7705    65
7705    66
7705    67
7705    68
7705    69
7705    70
7705    71
7705    72
7705    73
7705    74
7705    75
7705    76
7705    77
7705    78
7705    79
7705    80
7705    81
7705    82
7705    83
7705    84
7705    85
7705    86
7705    87
7705    88
7705    89
7705    90
7705    91
7705    92
7705    93
7705    94
7711    21
7711    22
7711    23
7711    24
7711    25
7711    26
7711    27
7711    28
7711    29
7711    30
7711    31
7711    32
7711    33
7711    34
7711    35
7711    36
7711    37
7711    38
7711    39
7711    40
7711    41
7711    42
7711    43
7711    44
7711    45
7711    46
7711    47
7711    48
7711    49
7711    50
7711    51
7711    52
7711    53
7711    54
7711    55
7711    56
7711    57
7711    58
7711    59
7711    60
7711    61
7711    62
7711    63
7711    64
7711    65
7711    66
7711    67
7711    68
7711    69
7711    70
7711    71
7711    72
7711    73
7711    74
7711    75
7711    76
7711    77
7711    78
7711    79
7711    80
7711    81
7711    82
7711    83
7711    84
7711    85
7711    86
7711    87
7711    88
7711    89
7711    90
7711    91
7711    92
7711    93
7711    94
7711    95
7711    96
7711    97
7711    98
7711    99
7711    100
7711    101
7711    102
7711    103
7711    104
7711    105
7711    106
7711    107
7711    108
7711    109
7711    110
7711    111
7711    112
7711    113
7711    114
7711    115
7711    116
7711    117
7711    118
7711    119
7711    120
7711    121
7711    122
7711    123
7711    124
7711    125
7711    126
7711    127
7711    128
7711    129
7711    130
7711    131
7711    132
7711    133
7711    134
7711    135
7711    136
7711    137
7711    138
7711    139
7711    140
7711    141
7711    142
7711    143
7711    144
7711    145
7711    146
7711    147
7711    148
7711    149
7711    150
7711    151
7711    152
7711    153
7711    154
7711    155
7711    156
7711    157
7711    158
7711    159
7711    160
7711    161
7711    162
7711    163
7711    164
7711    165
7711    166
7711    167
7711    168
7711    169
7711    170
7711    171
7711    172
7711    173
7711    174
7711    175
7711    176
7711    177
7711    178
7711    179
7711    180
7711    181
7711    182
7711    183
7711    184
7711    185
7711    186
7711    187
7711    188
7711    189
7711    190
7711    191
7711    192
7711    193
7711    194
7711    195
7711    196
7711    197
7711    198
7711    199
7711    200
7711    201
7711    202
7711    203
7711    204
7711    205
7711    206
7711    207
7711    208
7711    209
7711    210
7711    211
7711    212
7711    213
7711    214
7711    215
7711    216
7711    217
7711    218
7711    219
7711    220
7711    221
7711    222
7711    223
7711    224
7711    225
7711    226
7711    227
7711    228
7711    229
7711    230
7711    231
7711    232
7711    233
7711    234
7711    235
7711    236
7711    237
7711    238
7711    239
7711    240
7711    241
7711    242
7711    243
7711    244
7711    245
7711    246
7711    247
7711    248
7711    249
7711    250
7711    251
7711    252
7711    253
7711    254
7711    255
7711    256
7711    257
7711    258
7711    259
7711    260
7711    261
7711    262
7711    263
7711    264
7711    265
7711    266
7711    267
7711    268
7711    269
7711    270
7711    271
7711    272
7711    273
7711    274
7711    275
7711    276
7711    277
7711    278
7711    279
7711    280
7711    281
7711    282
7711    283
7711    284
7711    285
7711    286
7711    287
7711    288
7711    289
7711    290
7711    291
7711    292
7711    293
7711    294
7711    295
7743    10
7743    37
7743    38
7743    39
7743    40
7743    41
7743    42
7743    43
7743    44
7743    45
7743    46
7743    47
7743    48
7743    49
7743    50
7743    51
7743    52
7743    53
7743    54
7743    55
7743    56
7743    57
7743    58
7743    59
7743    60
7743    61
7743    62
7743    63
7743    64
7743    65
7743    66
7743    67
7743    68
7743    69
7743    70
7743    71
7743    72
7743    73
7743    74
7743    75
7743    76
7743    77
7743    78
7743    79
7743    80
7743    81
7743    82
7743    83
7743    84
7743    85
7743    86
7743    87
7743    88
7743    89
7743    90
7743    91
7743    92
7743    93
7743    94
7743    95
7743    96
7743    97
7743    98
7743    99
7743    100
7743    101
7743    102
7743    103
7743    104
7743    105
7743    106
7743    107
7743    108
7743    109
7743    110
7743    111
7743    112
7743    113
7743    114
7743    115
7743    116
7743    117
7743    118
7743    119
7743    120
7743    121
7743    122
7743    123
7743    124
7743    125
7743    126
7743    127
7743    128
7743    129
7743    130
7743    131
7743    132
7743    133
7743    134
7743    135
7743    136
7743    137
7743    138
7743    139
7743    140
7743    141
7743    142
7743    143
7743    144
7743    145
7743    146
7743    147
7743    148
7743    149
7743    150
7743    151
7743    152
7743    153
7743    154
7743    155
7743    156
7743    157
7743    158
7743    159
7743    160
7743    161
7743    162
7743    163
7743    164
7743    165
7743    166
7743    167
7743    168
7743    169
7743    170
7743    171
7743    172
7743    173
7743    174
7743    175
7743    176
7743    177
7743    178
7743    179
7743    180
7743    181
7743    182
7743    183
7743    184
7743    185
7743    186
7743    187
7743    188
7743    189
7743    190
7743    191
7743    192
7743    193
7743    194
7743    195
7743    196
7743    197
7743    198
7743    199
7743    200
7743    201
7743    202
7743    203
7743    204
7743    205
7743    206
7743    207
7743    208
7743    209
7743    210
7743    211
7743    212
7743    213
7743    214
7743    215
7743    216
7743    217
7743    218
7743    219
7743    220
7743    221
7743    222
7743    223
7743    224
7743    225
7743    226
7743    227
7743    228
7743    229
7743    230
7743    231
7743    232
7743    233
7743    234
7743    235
7743    236
7743    237
7743    238
7743    239
7743    240
7743    241
7743    242
7743    243
7743    244
7743    245
7744    0
7744    1
7744    2
7744    3
7744    4
7744    5
7744    6
7744    7
7744    8
7744    9
7744    10
7744    11
7744    12
7744    13
7744    14
7744    15
7744    16
7744    17
7744    18
7744    19
7744    20
7744    21
7744    22
7744    23
7744    24
7744    25
7744    26
7744    27
7744    28
7744    29
7744    30
7744    31
7744    32
7744    33
7744    34
7744    35
7744    36
7744    37
7744    38
7744    39
7744    40
7744    41
7744    42
7744    43
7744    44
7744    45
7744    46
7744    47
7744    48
7744    49
7744    50
7744    51
7744    52
7744    53
7744    54
7744    55
7744    56
7744    57
7745    0
7745    1
7745    2
7745    3
7745    4
7745    5
7745    6
7745    7
7745    8
7745    9
7745    10
7745    11
7745    12
7745    13
7745    14
7745    15
7745    16
7745    17
7745    18
7745    19
7745    20
7745    21
7745    22
7745    23
7745    24
7745    25
7745    26
7745    27
7745    28
7747    12
7747    13
7749    0
7749    1
7749    2
7749    3
7749    4
7749    5
7749    6
7749    7
7749    8
7749    9
7749    10
7749    11
7749    12
7749    13
7749    14
7749    15
7749    16
7749    17
7749    18
7749    19
7749    20
7749    21
7749    22
7749    23
7749    24
7749    25
7749    26
7749    27
7749    28
7749    29
7749    30
7749    31
7749    32
7749    33
7749    34
7749    35
7749    36
7749    37
7749    38
7749    39
7749    40
7749    41
7749    42
7749    43
7749    44
7749    45
7749    46
7749    47
7749    48
7749    49
7749    50
7749    51
7749    52
7749    53
7749    54
7749    55
7749    56
7749    57
7749    58
7749    59
7749    60
7749    61
7749    62
7749    63
7749    64
7749    65
7749    66
7749    67
7749    68
7749    69
7749    70
7749    71
7749    72
7749    73
7749    74
7749    75
7750    0
7750    1
7750    2
7750    3
7750    4
7750    5
7750    6
7750    7
7750    8
7750    9
7750    10
7750    11
7750    12
7750    13
7750    14
7750    15
7750    16
7750    17
7750    18
7750    19
7750    20
7750    21
7750    22
7750    23
7750    24
7750    25
7750    26
7750    27
7750    28
7750    29
7750    30
7750    31
7750    32
7750    33
7750    34
7750    35
7750    36
7750    37
7750    38
7750    39
7750    40
7750    41
7750    42
7750    43
7750    44
7750    45
7750    46
7750    47
7750    48
7750    49
7750    50
7750    51
7750    52
7750    53
7750    54
7750    55
7750    56
7750    57
7750    58
7750    59
7750    60
7750    61
7750    62
7750    63
7750    64
7750    65
7750    66
7750    67
7750    68
7750    69
7750    70
7750    71
7750    72
7750    73
7750    74
7750    75
7750    76
7750    77
7750    78
7750    79
7750    80
7750    81
7750    82
7750    83
7750    84
7750    85
7750    86
7750    87
7750    88
7750    89
7750    90
7750    91
7750    92
7750    93
7750    94
7750    95
7750    96
7750    97
7750    98
7750    99
7750    100
7750    101
7750    102
7750    103
7750    104
7750    105
7750    106
7750    107
7750    108
7750    109
7750    110
7750    111
7750    112
7750    113
7750    114
7750    115
7750    116
7750    117
7750    118
7750    119
7750    120
7750    121
7750    122
7750    123
7750    124
7750    125
7750    126
7750    127
7750    128
7750    129
7750    130
7750    131
7750    132
7751    0
7751    1
7751    2
7751    3
7751    4
7751    5
7751    6
7751    7
7751    8
7751    9
7751    10
7751    11
7751    12
7751    13
7751    14
7751    15
7751    16
7751    17
7751    18
7751    19
7751    20
7751    21
7751    22
7751    23
7751    24
7751    25
7751    26
7751    27
7751    28
7751    29
7751    30
7751    31
7751    32
7751    33
7751    34
7751    35
7751    36
7751    37
7751    38
7751    39
7751    40
7751    41
7751    42
7751    43
7751    44
7751    45
7751    46
7751    47
7751    48
7751    49
7751    50
7751    51
7751    52
7751    53
7751    54
7751    55
7751    56
7751    57
7751    58
7751    59
7751    60
7751    61
7751    62
7751    63
7751    64
7751    65
7751    66
7751    67
7751    68
7751    69
7751    70
7751    71
7751    72
7751    73
7751    74
7751    75
7751    76
7751    77
7752    0
7752    1
7752    2
7752    3
7752    4
7752    5
7752    6
7752    7
7752    8
7752    9
7752    10
7752    11
7752    12
7752    13
7752    14
7752    15
7752    16
7752    17
7752    18
7752    19
7752    20
7752    21
7752    22
7752    23
7752    24
7752    25
7752    26
7752    27
7752    28
7752    29
7752    30
7752    31
7752    32
7752    33
7752    34
7752    35
7752    36
7752    37
7752    38
7752    39
7752    40
7752    41
7752    42
7752    43
7752    44
7752    45
7752    46
7752    47
7752    48
7752    49
7752    50
7752    51
7753    0
7753    1
7753    2
7753    3
7753    4
7753    5
7753    6
7753    7
7753    8
7753    9
7753    10
7753    11
7753    12
7753    13
7753    14
7753    15
7753    16
7753    17
7753    18
7753    19
7753    20
7753    21
7753    22
7753    23
7753    24
7753    25
7753    26
7753    27
7753    28
7753    29
7753    30
7753    31
7753    32
7753    33
7753    34
7753    35
7753    36
7753    37
7753    38
7753    39
7753    40
7754    0
7754    1
7754    2
7754    3
7754    4
7754    5
7754    6
7754    7
7754    8
7754    9
7754    10
7754    11
7754    12
7754    13
7754    14
7754    15
7754    16
